0.017600784	0.015930579	0.00014982251
0.019421396	0.044164171	0.00017639300
0.021242007	0.043003396	0.00011825013
0.023062618	0.049959913	9.1910001e-05
0.024883229	0.046910503	7.2237915e-05
0.026703840	0.034234963	5.4344908e-05
0.028524452	0.031808064	5.2926110e-05
0.030345063	0.028733386	4.6993095e-05
0.032165674	0.029959216	4.1368651e-05
0.033986285	0.029111918	3.5803197e-05
0.035806897	0.025472146	3.0868503e-05
0.037627508	0.021237197	2.6906661e-05
0.039448119	0.017119850	2.3503708e-05
0.041268730	0.013657536	2.0453550e-05
0.043089341	0.011561736	1.8683989e-05
0.044909953	0.0098028740	1.6350573e-05
0.046730564	0.0082223059	1.5222056e-05
0.048551175	0.0070845953	1.3724013e-05
0.050371786	0.0060947532	1.2346870e-05
0.052192397	0.0053745567	1.1560299e-05
0.054013009	0.0047794768	1.0366531e-05
0.055833620	0.0040923795	9.9141125e-06
0.057654231	0.0036642227	9.0289320e-06
0.059474842	0.0031879705	8.2291103e-06
0.061295453	0.0028801890	7.7443464e-06
0.063116065	0.0025905038	7.2039918e-06
0.064936676	0.0023047472	6.8112113e-06
0.066757287	0.0021197963	6.3675638e-06
0.068577898	0.0018917768	5.9353239e-06
0.070398509	0.0017465248	5.6903945e-06
0.072219121	0.0015998631	5.2431986e-06
0.074039732	0.0014480498	5.0086343e-06
0.075860343	0.0013161540	4.7653284e-06
0.077680954	0.0011983738	4.3971174e-06
0.079501565	0.0010996217	4.2282199e-06
0.081322177	0.0010167617	3.9461871e-06
0.083142788	0.00093568699	3.8133221e-06
0.084963399	0.00086076043	3.6440854e-06
0.086784010	0.00079454142	3.3856899e-06
0.088604622	0.00073970352	3.2949994e-06
0.090425233	0.00068843579	3.0638935e-06
0.092245844	0.00063233713	2.9603785e-06
0.094066455	0.00059083949	2.8247853e-06
0.095887066	0.00055938599	2.7354901e-06
0.097707678	0.00051681003	2.6169358e-06
0.099528289	0.00048474083	2.4768776e-06
0.10134890	0.00045040239	2.3733676e-06
0.10316951	0.00041985396	2.2847186e-06
0.10499012	0.00039180418	2.1878603e-06
0.10681073	0.00036961323	2.0949415e-06
0.10863134	0.00035078254	2.0211049e-06
0.11045196	0.00033031900	1.9558862e-06
0.11227257	0.00030957578	1.8705571e-06
0.11409318	0.00029089996	1.8181247e-06
0.11591379	0.00027806800	1.7587620e-06
0.11773440	0.00026496107	1.6775401e-06
0.11955501	0.00024540131	1.6288216e-06
0.12137562	0.00023758469	1.5925209e-06
0.12319623	0.00022183230	1.5123211e-06
0.12501685	0.00021214470	1.4825509e-06
0.12683746	0.00020385883	1.4172934e-06
0.12865807	0.00019103916	1.3800727e-06
0.13047868	0.00018726861	1.3599858e-06
0.13229929	0.00017672181	1.3044776e-06
0.13411990	0.00016792429	1.2803735e-06
0.13594051	0.00016140971	1.2299869e-06
0.13776112	0.00015303599	1.1950103e-06
0.13958174	0.00015019096	1.1672206e-06
0.14140235	0.00014234114	1.1302613e-06
0.14322296	0.00013534095	1.1032904e-06
0.14504357	0.00013227334	1.0748248e-06
0.14686418	0.00012489174	1.0401146e-06
0.14868479	0.00011963905	1.0200998e-06
0.15050540	0.00011435315	9.8324882e-07
0.15232601	0.00011053308	9.6765448e-07
0.15414662	0.00010818123	9.6116486e-07
0.15596724	0.00010296604	9.4928810e-07
0.15778785	9.8342254e-05	9.2296416e-07
0.15960846	9.4263207e-05	9.1017168e-07
0.16142907	9.2829697e-05	9.0605453e-07
0.16324968	8.9098486e-05	8.8858890e-07
0.16507029	8.5108250e-05	8.6664864e-07
0.16689090	8.2749333e-05	8.5100819e-07
0.16871151	7.9883215e-05	8.3184608e-07
0.17053213	7.5207771e-05	8.2244646e-07
0.17235274	7.2807129e-05	7.9091475e-07
0.17417335	7.0547129e-05	7.8903682e-07
0.17599396	6.8187020e-05	7.6696977e-07
0.17781457	6.5733989e-05	7.5536352e-07
0.17963518	6.4444950e-05	7.4946122e-07
0.18145579	6.2380700e-05	7.2767276e-07
0.18327640	6.2179465e-05	7.2576990e-07
0.18509702	5.9641931e-05	7.0727183e-07
0.18691763	5.7408721e-05	6.7539672e-07
0.18873824	5.4129990e-05	6.5155408e-07
0.19055885	5.3603566e-05	6.4303192e-07
0.19237946	5.3289614e-05	6.3198646e-07
0.19420007	5.0681519e-05	6.1523735e-07
0.19602068	5.0938071e-05	6.0982909e-07
0.19784129	4.8427870e-05	5.9256997e-07
0.19966191	4.7835209e-05	5.8149982e-07
0.20148252	4.5885234e-05	5.6904874e-07
0.20330313	4.5727533e-05	5.5881756e-07
0.20512374	4.4181089e-05	5.4884399e-07
0.20694435	4.3012690e-05	5.4821044e-07
0.20876496	4.2187390e-05	5.4568376e-07
0.21058557	4.0755400e-05	5.5317843e-07
0.21240618	3.9921057e-05	5.5747838e-07
0.21422679	3.8744259e-05	5.4875030e-07
0.21604741	3.8116835e-05	5.5189650e-07
0.21786802	3.7686017e-05	5.4825088e-07
0.21968863	3.6123484e-05	5.4347150e-07
0.22150924	3.5078489e-05	5.3763689e-07
0.22332985	3.3896481e-05	5.1661621e-07
0.22515046	3.4252357e-05	5.2023063e-07
0.22697107	3.2730585e-05	4.9884679e-07
0.22879168	3.2759087e-05	5.0132326e-07
0.23061230	3.1479363e-05	4.8573711e-07
0.23243291	3.2089546e-05	4.9004523e-07
0.23425352	3.0670249e-05	4.8295112e-07
0.23607413	2.9452408e-05	4.6291426e-07
0.23789474	2.8907248e-05	4.5134528e-07
0.23971535	2.8211177e-05	4.3898145e-07
0.24153596	2.6876972e-05	4.2337752e-07
0.24335657	2.6990333e-05	4.2432171e-07
0.24517719	2.6783291e-05	4.1590755e-07
0.24699780	2.5649091e-05	4.0353507e-07
0.24881841	2.5917868e-05	4.0407980e-07
0.25063902	2.4647630e-05	3.9015230e-07
0.25245963	2.4108922e-05	3.8605170e-07
0.25428024	2.4573538e-05	3.8518570e-07
0.25610085	2.4054086e-05	3.7933400e-07
0.25792146	2.3644169e-05	3.7464380e-07
0.25974207	2.2522080e-05	3.6236460e-07
0.26156269	2.2999744e-05	3.6374881e-07
0.26338330	2.2009327e-05	3.5577641e-07
0.26520391	2.2015849e-05	3.4805746e-07
0.26702452	2.1870309e-05	3.4754193e-07
0.26884513	2.1355939e-05	3.4249599e-07
0.27066574	2.0645440e-05	3.3570920e-07
0.27248635	2.0748195e-05	3.3257720e-07
0.27430696	1.9984912e-05	3.2441117e-07
0.27612758	1.9406803e-05	3.1887239e-07
0.27794819	1.9553117e-05	3.1977031e-07
0.27976880	1.8622740e-05	3.1046406e-07
0.28158941	1.9294667e-05	3.1487035e-07
0.28341002	1.8658532e-05	3.0989966e-07
0.28523063	1.7796979e-05	3.0009447e-07
0.28705124	1.7471802e-05	2.9541031e-07
0.28887185	1.8462655e-05	3.0364597e-07
0.29069247	1.7704897e-05	2.9744239e-07
0.29251308	1.7191004e-05	2.9216868e-07
0.29433369	1.7322679e-05	2.9065459e-07
0.29615430	1.6677830e-05	2.8434990e-07
0.29797491	1.6651563e-05	2.8271249e-07
0.29979552	1.6494499e-05	2.7960338e-07
0.30161613	1.6146691e-05	2.7838424e-07
0.30343674	1.5581843e-05	2.6912949e-07
0.30525736	1.5012319e-05	2.6582700e-07
0.30707797	1.5625641e-05	2.6707027e-07
0.30889858	1.5074513e-05	2.6454002e-07
0.31071919	1.5109928e-05	2.6314493e-07
0.31253980	1.4539283e-05	2.5696791e-07
0.31436041	1.4205617e-05	2.5463641e-07
0.31618102	1.4214328e-05	2.5277113e-07
0.31800163	1.4006368e-05	2.5130310e-07
0.31982224	1.4150997e-05	2.5333200e-07
0.32164286	1.4160909e-05	2.4954522e-07
0.32346347	1.3684140e-05	2.4615454e-07
0.32528408	1.3437356e-05	2.4163530e-07
0.32710469	1.3312453e-05	2.4146183e-07
0.32892530	1.3592470e-05	2.4232276e-07
0.33074591	1.3314873e-05	2.3865747e-07
0.33256652	1.3048899e-05	2.3746805e-07
0.33438713	1.2736035e-05	2.3206331e-07
0.33620775	1.2450482e-05	2.3081130e-07
0.33802836	1.2723597e-05	2.3176623e-07
0.33984897	1.2357844e-05	2.2718326e-07
0.34166958	1.2093567e-05	2.2616816e-07
0.34349019	1.1724955e-05	2.1829046e-07
0.34531080	1.1978219e-05	2.2348175e-07
0.34713141	1.1671571e-05	2.1922669e-07
0.34895202	1.1663090e-05	2.1769789e-07
0.35077264	1.1349059e-05	2.1617256e-07
0.35259325	1.0911521e-05	2.1052253e-07
0.35441386	1.1361568e-05	2.1363847e-07
0.35623447	1.1125721e-05	2.1186047e-07
0.35805508	1.1094447e-05	2.1084767e-07
0.35987569	1.0840343e-05	2.0663258e-07
0.36169630	1.0727823e-05	2.0662578e-07
0.36351691	1.0618353e-05	2.0486409e-07
0.36533752	1.0504214e-05	2.0281555e-07
0.36715814	1.0619595e-05	2.0387733e-07
0.36897875	9.9040940e-06	1.9704668e-07
0.37079936	1.0341912e-05	1.9935533e-07
0.37261997	1.0307825e-05	2.0021496e-07
0.37444058	1.0430282e-05	1.9799803e-07
0.37626119	1.0093044e-05	1.9740806e-07
0.37808180	9.9470802e-06	1.9620907e-07
0.37990241	1.0044173e-05	1.9381009e-07
0.38172303	9.6999331e-06	1.9302438e-07
0.38354364	9.9335664e-06	1.9112836e-07
0.38536425	9.5395506e-06	1.8940887e-07
0.38718486	9.7270581e-06	1.9114523e-07
0.38900547	9.8153046e-06	1.8891411e-07
0.39082608	9.4850879e-06	1.8828078e-07
0.39264669	9.5403535e-06	1.8588385e-07
0.39446730	9.2926676e-06	1.8518702e-07
0.39628792	9.5673767e-06	1.8653712e-07
0.39810853	8.8355051e-06	1.7775265e-07
0.39992914	9.0957422e-06	1.8234370e-07
0.40174975	9.2601463e-06	1.8218245e-07
0.40357036	8.7722338e-06	1.7768591e-07
0.40539097	8.7913207e-06	1.7993418e-07
0.40721158	8.9780217e-06	1.7673609e-07
0.40903219	8.8033213e-06	1.7712903e-07
0.41085281	8.5777206e-06	1.7416950e-07
0.41267342	8.8119702e-06	1.7665101e-07
0.41449403	8.4912876e-06	1.7275455e-07
0.41631464	8.3399954e-06	1.7087048e-07
0.41813525	8.4323119e-06	1.7036439e-07
0.41995586	8.3505139e-06	1.7019130e-07
0.42177647	8.3831685e-06	1.7122154e-07
0.42359708	8.0981439e-06	1.6729448e-07
0.42541769	8.3332956e-06	1.6895306e-07
0.42723831	8.0534521e-06	1.6738351e-07
0.42905892	8.1373169e-06	1.6575733e-07
0.43087953	7.9735187e-06	1.6589578e-07
0.43270014	7.8281396e-06	1.6371724e-07
0.43452075	7.8778405e-06	1.6289537e-07
0.43634136	7.9674882e-06	1.6449960e-07
0.43816197	8.0480177e-06	1.6357254e-07
0.43998258	7.7977106e-06	1.6232714e-07
0.44180320	7.8141493e-06	1.6176033e-07
0.44362381	7.5156180e-06	1.5929080e-07
0.44544442	7.6531922e-06	1.6035125e-07
0.44726503	7.5849636e-06	1.5799793e-07
0.44908564	7.7657450e-06	1.6062000e-07
0.45090625	7.3663644e-06	1.5614585e-07
0.45272686	7.2934177e-06	1.5554472e-07
0.45454747	7.3087007e-06	1.5541951e-07
0.45636809	7.6987281e-06	1.5620931e-07
0.45818870	7.0508976e-06	1.5277453e-07
0.46000931	7.3789108e-06	1.5542121e-07
0.46182992	7.1098642e-06	1.5167381e-07
0.46365053	7.2765816e-06	1.5343400e-07
0.46547114	7.1933160e-06	1.5254881e-07
0.46729175	6.9749248e-06	1.4950123e-07
0.46911236	6.9397778e-06	1.4957333e-07
0.47093298	6.9868156e-06	1.4927806e-07
0.47275359	6.9029502e-06	1.4930739e-07
0.47457420	6.8633831e-06	1.4822878e-07
0.47639481	6.9020827e-06	1.4704065e-07
0.47821542	7.1307237e-06	1.5010021e-07
0.48003603	6.9855977e-06	1.4849120e-07
0.48185664	6.9075088e-06	1.4721899e-07
0.48367725	6.5389684e-06	1.4538969e-07
0.48549786	6.8334889e-06	1.4566618e-07
0.48731848	6.9004742e-06	1.4603956e-07
0.48913909	6.4484431e-06	1.4294851e-07
0.49095970	6.8654445e-06	1.4523167e-07
0.49278031	6.7221786e-06	1.4356551e-07
0.49460092	6.6704507e-06	1.4361673e-07
0.49642153	6.4450586e-06	1.4101703e-07
0.49824214	6.4967285e-06	1.4183095e-07
0.50006275	6.4480331e-06	1.4068053e-07
0.50188337	6.4714895e-06	1.4019922e-07
0.50370398	6.4503230e-06	1.4109443e-07
0.50552459	6.2847845e-06	1.3847923e-07
0.50734520	6.2487794e-06	1.3830253e-07
0.50916581	6.4332872e-06	1.4023056e-07
0.51098642	6.2473238e-06	1.3756475e-07
0.51280703	6.0807564e-06	1.3701965e-07
0.51462764	6.1595826e-06	1.3670103e-07
0.51644826	6.2441962e-06	1.3686154e-07
0.51826887	6.0239901e-06	1.3486284e-07
0.52008948	6.2663161e-06	1.3697445e-07
0.52191009	5.9167041e-06	1.3399614e-07
0.52373070	6.1043942e-06	1.3407932e-07
0.52555131	5.8883084e-06	1.3262088e-07
0.52737192	6.0254339e-06	1.3387913e-07
0.52919253	5.9213504e-06	1.3370405e-07
0.53101314	5.8584365e-06	1.3272897e-07
0.53283376	5.8143648e-06	1.3086352e-07
0.53465437	5.9072954e-06	1.3202471e-07
0.53647498	5.7778874e-06	1.3012186e-07
0.53829559	5.7874505e-06	1.3217108e-07
0.54011620	5.8198986e-06	1.3042481e-07
0.54193681	5.5207815e-06	1.2832480e-07
0.54375742	5.5135660e-06	1.3025983e-07
0.54557803	5.7070854e-06	1.3079257e-07
0.54739865	5.7775928e-06	1.3314260e-07
0.54921926	5.5212943e-06	1.3105233e-07
0.55103987	5.6140044e-06	1.3088984e-07
0.55286048	5.5450071e-06	1.3214236e-07
0.55468109	5.5426873e-06	1.3138482e-07
0.55650170	5.4620916e-06	1.3200266e-07
0.55832231	5.6493117e-06	1.3338724e-07
0.56014292	5.3613854e-06	1.3022679e-07
0.56196354	5.2491219e-06	1.3057422e-07
0.56378415	5.2612676e-06	1.3004335e-07
0.56560476	5.4104468e-06	1.3110347e-07
0.56742537	5.4985216e-06	1.3196386e-07
0.56924598	5.2918578e-06	1.2920421e-07
0.57106659	5.4081059e-06	1.3219164e-07
0.57288720	5.2428225e-06	1.3026774e-07
0.57470781	5.1767759e-06	1.2819728e-07
0.57652843	5.4293235e-06	1.2910089e-07
0.57834904	5.3035175e-06	1.2706393e-07
0.58016965	5.2000720e-06	1.2628845e-07
0.58199026	5.1322160e-06	1.2563155e-07
0.58381087	5.2909564e-06	1.2634806e-07
0.58563148	5.0588793e-06	1.2408608e-07
0.58745209	4.9773716e-06	1.2277563e-07
0.58927270	4.9725396e-06	1.2293502e-07
0.59109331	4.9395519e-06	1.2134518e-07
0.59291393	5.0083228e-06	1.2272789e-07
0.59473454	5.2139792e-06	1.2254106e-07
0.59655515	4.8792148e-06	1.2006503e-07
0.59837576	4.7779911e-06	1.2192235e-07
0.60019637	4.8637583e-06	1.2131053e-07
0.60201698	4.9718288e-06	1.2351999e-07
0.60383759	4.8466152e-06	1.2109957e-07
0.60565820	4.7764714e-06	1.2290662e-07
0.60747882	4.9012583e-06	1.2280920e-07
0.60929943	4.8806132e-06	1.2274213e-07
0.61112004	4.7483990e-06	1.2246866e-07
0.61294065	4.8729098e-06	1.2337769e-07
0.61476126	4.8218450e-06	1.2243030e-07
0.61658187	4.4976480e-06	1.2172928e-07
0.61840248	4.7527554e-06	1.2298750e-07
0.62022309	4.7943291e-06	1.2398166e-07
0.62204371	4.7072394e-06	1.2248586e-07
0.62386432	4.6044964e-06	1.2168800e-07
0.62568493	4.6686938e-06	1.2269263e-07
0.62750554	4.5713168e-06	1.2123999e-07
0.62932615	4.6881657e-06	1.1996039e-07
0.63114676	4.4917718e-06	1.1837761e-07
0.63296737	4.6190777e-06	1.1897161e-07
0.63478798	4.4153731e-06	1.1784256e-07
0.63660859	4.4534205e-06	1.1638803e-07
0.63842921	4.4776460e-06	1.1644829e-07
0.64024982	4.4693351e-06	1.1584802e-07
0.64207043	4.4319307e-06	1.1528952e-07
0.64389104	4.5449340e-06	1.1662297e-07
0.64571165	4.4826881e-06	1.1542572e-07
0.64753226	4.2857791e-06	1.1387484e-07
0.64935287	4.3385889e-06	1.1394139e-07
0.65117348	4.4208130e-06	1.1398667e-07
0.65299410	4.2784084e-06	1.1193958e-07
0.65481471	4.2763768e-06	1.1299621e-07
0.65663532	4.2539946e-06	1.1235538e-07
0.65845593	4.3076166e-06	1.1211937e-07
0.66027654	4.3758696e-06	1.1289140e-07
0.66209715	4.1739365e-06	1.1188592e-07
0.66391776	4.1527060e-06	1.1132172e-07
0.66573837	4.2173925e-06	1.1143955e-07
0.66755899	4.1238041e-06	1.1036222e-07
0.66937960	4.2534524e-06	1.1030979e-07
0.67120021	4.1920489e-06	1.1079494e-07
0.67302082	4.1878499e-06	1.1042051e-07
0.67484143	4.4087227e-06	1.1104299e-07
0.67666204	4.3103745e-06	1.1084121e-07
0.67848265	4.1179818e-06	1.0865748e-07
0.68030326	3.9842955e-06	1.0865963e-07
0.68212388	4.0376125e-06	1.0822572e-07
0.68394449	3.9991248e-06	1.0686525e-07
0.68576510	4.0882061e-06	1.0834529e-07
0.68758571	4.1357665e-06	1.0765297e-07
0.68940632	3.9293361e-06	1.0677315e-07
0.69122693	3.9575198e-06	1.0693382e-07
0.69304754	3.8962881e-06	1.0517734e-07
0.69486815	3.9032142e-06	1.0620563e-07
0.69668876	3.9270171e-06	1.0642981e-07
0.69850938	3.9678679e-06	1.0545631e-07
0.70032999	3.8606705e-06	1.0584811e-07
0.70215060	3.9325350e-06	1.0513984e-07
0.70397121	3.7429388e-06	1.0487165e-07
0.70579182	3.8653520e-06	1.0609955e-07
0.70761243	4.0525080e-06	1.0695863e-07
0.70943304	3.9243816e-06	1.0782055e-07
0.71125365	3.7742718e-06	1.0667541e-07
0.71307427	3.9254239e-06	1.0749048e-07
0.71489488	3.7247795e-06	1.0628062e-07
0.71671549	3.8253045e-06	1.0702631e-07
0.71853610	3.6676599e-06	1.0690481e-07
0.72035671	3.7697515e-06	1.0485164e-07
0.72217732	3.8637857e-06	1.0543184e-07
0.72399793	3.7405831e-06	1.0400884e-07
0.72581854	3.6542391e-06	1.0263153e-07
0.72763916	3.7296322e-06	1.0364462e-07
0.72945977	3.6958553e-06	1.0237944e-07
0.73128038	3.8172725e-06	1.0494164e-07
0.73310099	3.6059332e-06	1.0264000e-07
0.73492160	3.8354266e-06	1.0390401e-07
0.73674221	3.7498848e-06	1.0288750e-07
0.73856282	3.4820001e-06	9.9954971e-08
0.74038343	3.6055064e-06	1.0158617e-07
0.74220404	3.7900172e-06	1.0229481e-07
0.74402466	3.6315554e-06	1.0141647e-07
0.74584527	3.6971574e-06	1.0120760e-07
0.74766588	3.6809062e-06	1.0054079e-07
0.74948649	3.6043610e-06	9.9931512e-08
0.75130710	3.6559114e-06	1.0124011e-07
0.75312771	3.5134146e-06	9.9220851e-08
0.75494832	3.4742644e-06	9.9571268e-08
0.75676893	3.5180426e-06	1.0000716e-07
0.75858955	3.5484846e-06	9.9421951e-08
0.76041016	3.5023712e-06	9.9477075e-08
0.76223077	3.5443968e-06	9.9168518e-08
0.76405138	3.6321608e-06	1.0000563e-07
0.76587199	3.4158490e-06	9.8323897e-08
0.76769260	3.4354300e-06	9.8102935e-08
0.76951321	3.4782149e-06	9.8224642e-08
0.77133382	3.5113102e-06	9.8186360e-08
0.77315444	3.5782759e-06	9.8688256e-08
0.77497505	3.3661471e-06	9.7337524e-08
0.77679566	3.5454732e-06	9.8323833e-08
0.77861627	3.4727465e-06	9.8436940e-08
0.78043688	3.4280953e-06	9.7534695e-08
0.78225749	3.3298546e-06	9.6845384e-08
0.78407810	3.3170004e-06	9.6218145e-08
0.78589871	3.4126882e-06	9.6387435e-08
0.78771933	3.4022868e-06	9.6676617e-08
0.78953994	3.2567246e-06	9.6035649e-08
0.79136055	3.4087306e-06	9.6667341e-08
0.79318116	3.4062021e-06	9.6013437e-08
0.79500177	3.3330440e-06	9.5405553e-08
0.79682238	3.2907461e-06	9.5470225e-08
0.79864299	3.4064135e-06	9.6217934e-08
0.80046360	3.3685314e-06	9.5753990e-08
0.80228421	3.3454558e-06	9.5620869e-08
0.80410483	3.2945579e-06	9.4597907e-08
0.80592544	3.2117344e-06	9.4634252e-08
0.80774605	3.3988781e-06	9.5347328e-08
0.80956666	3.2587673e-06	9.4311216e-08
0.81138727	3.2863740e-06	9.4770665e-08
0.81320788	3.4761439e-06	9.4937244e-08
0.81502849	3.2619012e-06	9.4455593e-08
0.81684910	3.1969753e-06	9.3223542e-08
0.81866972	3.1620583e-06	9.3401354e-08
0.82049033	3.2086122e-06	9.3549198e-08
0.82231094	3.3176817e-06	9.3392384e-08
0.82413155	3.2948710e-06	9.3578989e-08
0.82595216	3.3059036e-06	9.3532125e-08
0.82777277	3.1597889e-06	9.2291765e-08
0.82959338	3.1366850e-06	9.2729676e-08
0.83141399	3.2605906e-06	9.2501189e-08
0.83323461	3.2717060e-06	9.3355321e-08
0.83505522	3.2662750e-06	9.2724518e-08
0.83687583	3.1380306e-06	9.1622307e-08
0.83869644	3.2175279e-06	9.2675982e-08
0.84051705	3.2374565e-06	9.1557641e-08
0.84233766	3.2306532e-06	9.2508801e-08
0.84415827	3.1686236e-06	9.1531629e-08
0.84597888	3.2744513e-06	9.1892928e-08
0.84779949	3.0419902e-06	9.1152902e-08
0.84962011	2.9811949e-06	9.0598063e-08
0.85144072	3.1934836e-06	9.1238890e-08
0.85326133	3.2265889e-06	9.1343423e-08
0.85508194	3.1702911e-06	9.0903382e-08
0.85690255	3.1303141e-06	9.0870150e-08
0.85872316	3.1178761e-06	9.0399179e-08
0.86054377	3.0785721e-06	9.0160088e-08
0.86236438	3.0839184e-06	9.0168168e-08
0.86418500	3.0407151e-06	8.9765861e-08
0.86600561	2.9329658e-06	9.0169757e-08
0.86782622	3.0187090e-06	8.9242650e-08
0.86964683	3.1118456e-06	8.9552005e-08
0.87146744	3.0442490e-06	8.9127404e-08
0.87328805	3.1217652e-06	8.9811520e-08
0.87510866	3.0741640e-06	8.9242869e-08
0.87692927	2.9222975e-06	8.8759695e-08
0.87874989	3.0680170e-06	8.9910546e-08
0.88057050	2.9355230e-06	8.8268945e-08
0.88239111	2.9485787e-06	8.8362685e-08
0.88421172	2.9172969e-06	8.8193388e-08
0.88603233	3.0032481e-06	8.8391978e-08
0.88785294	2.9899166e-06	8.8626434e-08
0.88967355	2.9526912e-06	8.7530736e-08
0.89149416	2.9799312e-06	8.7858817e-08
0.89331478	2.9868404e-06	8.8320518e-08
0.89513539	2.9904132e-06	8.7566978e-08
0.89695600	2.9419222e-06	8.7251450e-08
0.89877661	2.9826592e-06	8.7607410e-08
0.90059722	2.9150855e-06	8.7432397e-08
0.90241783	2.8990778e-06	8.7286863e-08
0.90423844	3.0914134e-06	8.8116340e-08
0.90605905	2.9242251e-06	8.6487215e-08
0.90787966	2.9078219e-06	8.7358147e-08
0.90970028	2.9693954e-06	8.7470382e-08
0.91152089	2.9869296e-06	8.6629236e-08
0.91334150	2.9509106e-06	8.7165296e-08
0.91516211	2.8580351e-06	8.5984335e-08
0.91698272	2.8996128e-06	8.6875152e-08
0.91880333	2.8771942e-06	8.6497607e-08
0.92062394	2.8997413e-06	8.5828662e-08
0.92244455	3.0374106e-06	8.6712266e-08
0.92426517	2.9089432e-06	8.5660755e-08
0.92608578	2.8359337e-06	8.5829682e-08
0.92790639	2.9294327e-06	8.6513378e-08
0.92972700	2.9650447e-06	8.5000475e-08
0.93154761	2.9026116e-06	8.6850825e-08
0.93336822	3.0158060e-06	8.6926379e-08
0.93518883	2.8550263e-06	8.6639402e-08
0.93700944	2.9221483e-06	8.7623296e-08
0.93883006	2.9521165e-06	8.7288452e-08
0.94065067	2.8407057e-06	8.7267601e-08
0.94247128	2.9066044e-06	8.6920491e-08
0.94429189	2.9144173e-06	8.7979743e-08
0.94611250	2.8443758e-06	8.7360945e-08
0.94793311	2.7075607e-06	8.6978381e-08
0.94975372	2.7579468e-06	8.7313813e-08
0.95157433	2.8143296e-06	8.7014599e-08
0.95339494	2.7962743e-06	8.7424074e-08
0.95521556	2.8040314e-06	8.7314291e-08
0.95703617	2.7583751e-06	8.7052927e-08
0.95885678	2.9330788e-06	8.8527598e-08
0.96067739	2.7737150e-06	8.7352201e-08
0.96249800	2.8557891e-06	8.6931452e-08
0.96431861	2.7766090e-06	8.5910807e-08
0.96613922	2.7480382e-06	8.5669101e-08
0.96795983	2.9152537e-06	8.6797065e-08
0.96978045	2.7828614e-06	8.5080888e-08
0.97160106	2.8729548e-06	8.5845169e-08
0.97342167	2.8150580e-06	8.5168116e-08
0.97524228	2.8398072e-06	8.5116133e-08
0.97706289	2.7472939e-06	8.4369899e-08
0.97888350	2.7619934e-06	8.4576347e-08
0.98070411	2.7168024e-06	8.4010574e-08
0.98252472	2.7858107e-06	8.4841414e-08
0.98434534	2.7838631e-06	8.4038289e-08
0.98616595	2.8502611e-06	8.4053551e-08
0.98798656	2.8208888e-06	8.3940884e-08
0.98980717	2.7490493e-06	8.4358078e-08
0.99162778	2.7728769e-06	8.4931258e-08
0.99344839	2.8042809e-06	8.5772246e-08
0.99526900	2.7227569e-06	8.4522077e-08
0.99708961	2.6379607e-06	8.4648021e-08
0.99891023	2.8473022e-06	8.5309640e-08
1.0007308	2.7634821e-06	8.5402072e-08
1.0025514	2.7217011e-06	8.5784521e-08
1.0043721	2.8785142e-06	8.5669399e-08
1.0061927	2.8308428e-06	8.5699474e-08
1.0080133	2.8655424e-06	8.5890953e-08
1.0098339	2.6948927e-06	8.5215536e-08
1.0116545	2.7152396e-06	8.5789846e-08
1.0134751	2.6700755e-06	8.4947819e-08
1.0152957	2.6850913e-06	8.5275842e-08
1.0171163	2.8141159e-06	8.6005038e-08
1.0189369	2.6696854e-06	8.5638655e-08
1.0207576	2.6389800e-06	8.4515295e-08
1.0225782	2.8345618e-06	8.5212092e-08
1.0243988	2.6635804e-06	8.3848026e-08
1.0262194	2.7882608e-06	8.4162762e-08
1.0280400	2.7977112e-06	8.4325519e-08
1.0298606	2.8482521e-06	8.3709969e-08
1.0316812	2.7289228e-06	8.3258304e-08
1.0335018	2.6989861e-06	8.3270249e-08
1.0353224	2.7519471e-06	8.2917467e-08
1.0371431	2.7134256e-06	8.3108919e-08
1.0389637	2.7926983e-06	8.3426095e-08
1.0407843	2.7279180e-06	8.2113628e-08
1.0426049	2.6685881e-06	8.2590556e-08
1.0444255	2.7248185e-06	8.1974678e-08
1.0462461	2.6030655e-06	8.2074741e-08
1.0480667	2.7944972e-06	8.2859060e-08
1.0498873	2.6981009e-06	8.1596238e-08
1.0517080	2.7355331e-06	8.2099532e-08
1.0535286	2.7070952e-06	8.1432565e-08
1.0553492	2.6674226e-06	8.1267863e-08
1.0571698	2.6913750e-06	8.1491033e-08
1.0589904	2.6941565e-06	8.0856125e-08
1.0608110	2.6371799e-06	8.1446254e-08
1.0626316	2.7336049e-06	8.1290463e-08
1.0644522	2.6775623e-06	8.0614070e-08
1.0662728	2.6594049e-06	8.0987311e-08
1.0680935	2.6999333e-06	8.0845707e-08
1.0699141	2.7025196e-06	8.0907821e-08
1.0717347	2.7763193e-06	8.0791355e-08
1.0735553	2.6542911e-06	8.0091899e-08
1.0753759	2.6362047e-06	8.0401289e-08
1.0771965	2.6588985e-06	8.0287834e-08
1.0790171	2.6828242e-06	7.9883222e-08
1.0808377	2.6736563e-06	7.9877180e-08
1.0826583	2.6161699e-06	7.9584939e-08
1.0844790	2.6474140e-06	7.9887440e-08
1.0862996	2.6938519e-06	8.0232541e-08
1.0881202	2.7031934e-06	7.9448787e-08
1.0899408	2.6409484e-06	7.9575427e-08
1.0917614	2.6639337e-06	7.9390339e-08
1.0935820	2.6302981e-06	7.9109791e-08
1.0954026	2.6688014e-06	7.9239447e-08
1.0972232	2.6089402e-06	7.8791857e-08
1.0990438	2.6309083e-06	7.8645418e-08
1.1008645	2.6981215e-06	7.9623932e-08
1.1026851	2.6999010e-06	7.9057950e-08
1.1045057	2.5834757e-06	7.8905687e-08
1.1063263	2.5979122e-06	7.8897004e-08
1.1081469	2.6891354e-06	7.8545375e-08
1.1099675	2.5252934e-06	7.8079994e-08
1.1117881	2.7096446e-06	7.8556567e-08
1.1136087	2.5907222e-06	7.8191146e-08
1.1154293	2.6020627e-06	7.8242426e-08
1.1172500	2.6309746e-06	7.8371675e-08
1.1190706	2.5416167e-06	7.7805040e-08
1.1208912	2.4723330e-06	7.7108255e-08
1.1227118	2.6280580e-06	7.8041844e-08
1.1245324	2.6970048e-06	7.8201851e-08
1.1263530	2.6225917e-06	7.7683964e-08
1.1281736	2.6672540e-06	7.7778374e-08
1.1299942	2.6055437e-06	7.7533256e-08
1.1318148	2.4739000e-06	7.7170213e-08
1.1336355	2.5520931e-06	7.7272397e-08
1.1354561	2.5686149e-06	7.7304391e-08
1.1372767	2.6081734e-06	7.7106999e-08
1.1390973	2.6556225e-06	7.7850505e-08
1.1409179	2.4502517e-06	7.7804948e-08
1.1427385	2.6282247e-06	7.8178060e-08
1.1445591	2.5333703e-06	7.8137150e-08
1.1463797	2.6138719e-06	7.8498739e-08
1.1482003	2.5473132e-06	7.8295437e-08
1.1500210	2.5445840e-06	7.8511791e-08
1.1518416	2.4838414e-06	7.8124788e-08
1.1536622	2.5915801e-06	7.8432536e-08
1.1554828	2.6223494e-06	7.8542353e-08
1.1573034	2.5653189e-06	7.8686082e-08
1.1591240	2.6470434e-06	7.8668200e-08
1.1609446	2.6284956e-06	7.8644801e-08
1.1627652	2.5025399e-06	7.7910589e-08
1.1645858	2.5896895e-06	7.8549887e-08
1.1664065	2.5863112e-06	7.8653652e-08
1.1682271	2.5639590e-06	7.8598964e-08
1.1700477	2.4851534e-06	7.8342573e-08
1.1718683	2.4822671e-06	7.8367377e-08
1.1736889	2.6563277e-06	7.9250125e-08
1.1755095	2.4567002e-06	7.8263474e-08
1.1773301	2.5218317e-06	7.8496322e-08
1.1791507	2.5377480e-06	7.8653245e-08
1.1809713	2.5624517e-06	7.8583599e-08
1.1827920	2.5649926e-06	7.8912867e-08
1.1846126	2.4737289e-06	7.8755264e-08
1.1864332	2.5831188e-06	7.8443095e-08
1.1882538	2.5419018e-06	7.9184926e-08
1.1900744	2.6005953e-06	7.8336653e-08
1.1918950	2.4806660e-06	7.8862990e-08
1.1937156	2.5380494e-06	7.9466530e-08
1.1955362	2.5160804e-06	7.8607428e-08
1.1973568	2.5193886e-06	7.8620877e-08
1.1991775	2.5842906e-06	7.8755563e-08
1.2009981	2.5342179e-06	7.8815124e-08
1.2028187	2.6633674e-06	7.9271687e-08
1.2046393	2.5795545e-06	7.8921711e-08
1.2064599	2.4951248e-06	7.9084944e-08
1.2082805	2.5171634e-06	7.8433374e-08
1.2101011	2.5964687e-06	7.8996384e-08
1.2119217	2.5485760e-06	7.8869933e-08
1.2137423	2.5358065e-06	7.8647960e-08
1.2155630	2.4921330e-06	7.8957200e-08
1.2173836	2.5583170e-06	7.8422213e-08
1.2192042	2.5707039e-06	7.8980501e-08
1.2210248	2.5828467e-06	7.8766675e-08
1.2228454	2.5746728e-06	7.8835968e-08
1.2246660	2.4092241e-06	7.8371714e-08
1.2264866	2.5714857e-06	7.8566698e-08
1.2283072	2.5472572e-06	7.8562005e-08
1.2301278	2.4674253e-06	7.8552528e-08
1.2319485	2.5462668e-06	7.8629997e-08
1.2337691	2.5904681e-06	7.9066360e-08
1.2355897	2.4732692e-06	7.8075687e-08
1.2374103	2.5542451e-06	7.8250182e-08
1.2392309	2.5700550e-06	7.8822265e-08
1.2410515	2.5881504e-06	7.9047062e-08
1.2428721	2.6357337e-06	7.8937892e-08
1.2446927	2.5402208e-06	7.8822846e-08
1.2465133	2.4887038e-06	7.8204423e-08
1.2483340	2.5757400e-06	7.8352511e-08
1.2501546	2.6270557e-06	7.9090601e-08
1.2519752	2.4321492e-06	7.7659983e-08
1.2537958	2.4264401e-06	7.8289099e-08
1.2556164	2.5231020e-06	7.7989071e-08
1.2574370	2.5036658e-06	7.7986124e-08
1.2592576	2.4481578e-06	7.8393625e-08
1.2610782	2.4466544e-06	7.7645320e-08
1.2628989	2.5009112e-06	7.8341282e-08
1.2647195	2.5663747e-06	7.8718442e-08
1.2665401	2.4400388e-06	7.7745729e-08
1.2683607	2.5488756e-06	7.8326802e-08
1.2701813	2.4412062e-06	7.8014381e-08
1.2720019	2.5162306e-06	7.7818593e-08
1.2738225	2.6204099e-06	7.8854895e-08
1.2756431	2.5335080e-06	7.8255135e-08
1.2774637	2.5880934e-06	7.8449937e-08
1.2792844	2.5295321e-06	7.7772940e-08
1.2811050	2.4552735e-06	7.7780533e-08
1.2829256	2.5482819e-06	7.8108437e-08
1.2847462	2.5163783e-06	7.7915544e-08
1.2865668	2.4539399e-06	7.7397104e-08
1.2883874	2.4639643e-06	7.7466696e-08
1.2902080	2.4901409e-06	7.7177153e-08
1.2920286	2.4824200e-06	7.7511429e-08
1.2938492	2.4346787e-06	7.7174831e-08
1.2956699	2.4910693e-06	7.7545890e-08
1.2974905	2.5578694e-06	7.7423361e-08
1.2993111	2.4760525e-06	7.7318918e-08
1.3011317	2.5859735e-06	7.7969941e-08
1.3029523	2.5653042e-06	7.7305431e-08
1.3047729	2.6052709e-06	7.7957795e-08
1.3065935	2.4171344e-06	7.7014990e-08
1.3084141	2.5233749e-06	7.7209665e-08
1.3102347	2.4623068e-06	7.7057618e-08
1.3120554	2.5524453e-06	7.7487026e-08
1.3138760	2.4863590e-06	7.7167116e-08
1.3156966	2.4169919e-06	7.6569261e-08
1.3175172	2.5289572e-06	7.7734477e-08
1.3193378	2.4870045e-06	7.8059759e-08
1.3211584	2.4133576e-06	7.8009047e-08
1.3229790	2.4359782e-06	7.8213531e-08
1.3247996	2.3623289e-06	7.8757129e-08
1.3266202	2.5297599e-06	7.8606411e-08
1.3284409	2.4410890e-06	7.9210347e-08
1.3302615	2.4665376e-06	7.9225018e-08
1.3320821	2.5585685e-06	7.9522037e-08
1.3339027	2.5768200e-06	8.0204093e-08
1.3357233	2.4222583e-06	7.9119451e-08
1.3375439	2.4715208e-06	8.0113178e-08
1.3393645	2.4759672e-06	8.0181092e-08
1.3411851	2.4559388e-06	7.9517513e-08
1.3430057	2.4113130e-06	7.9604124e-08
1.3448264	2.4684358e-06	8.0079504e-08
1.3466470	2.3742480e-06	8.0069068e-08
1.3484676	2.3959582e-06	7.9687860e-08
1.3502882	2.4278825e-06	7.8746104e-08
1.3521088	2.5309860e-06	7.9725944e-08
1.3539294	2.4037486e-06	7.8233578e-08
1.3557500	2.4591408e-06	7.8950943e-08
1.3575706	2.4962412e-06	7.8679180e-08
1.3593912	2.3465116e-06	7.8302788e-08
1.3612119	2.4625677e-06	7.8005226e-08
1.3630325	2.4297827e-06	7.8042547e-08
1.3648531	2.4350772e-06	7.8119506e-08
1.3666737	2.3416659e-06	7.7678396e-08
1.3684943	2.4495038e-06	7.8168918e-08
1.3703149	2.4665990e-06	7.7658736e-08
1.3721355	2.3726208e-06	7.7457168e-08
1.3739561	2.4483989e-06	7.8032285e-08
1.3757767	2.3463776e-06	7.7245862e-08
1.3775974	2.4119774e-06	7.7572062e-08
1.3794180	2.4002405e-06	7.7265837e-08
1.3812386	2.4696509e-06	7.7477207e-08
1.3830592	2.4166433e-06	7.8065951e-08
1.3848798	2.3872246e-06	7.8417058e-08
1.3867004	2.3590916e-06	7.8406750e-08
1.3885210	2.4212842e-06	7.8982785e-08
1.3903416	2.3501800e-06	7.9070018e-08
1.3921622	2.3700061e-06	7.8758577e-08
1.3939829	2.5476554e-06	8.0154912e-08
1.3958035	2.3202277e-06	7.9434030e-08
1.3976241	2.4273837e-06	7.9541179e-08
1.3994447	2.3891531e-06	7.9716129e-08
1.4012653	2.4885389e-06	7.9518405e-08
1.4030859	2.3885398e-06	7.9884168e-08
1.4049065	2.4500672e-06	8.0336559e-08
1.4067271	2.4227695e-06	7.9907097e-08
1.4085477	2.3203206e-06	7.9520288e-08
1.4103684	2.2644501e-06	7.9825173e-08
1.4121890	2.4436402e-06	8.0500008e-08
1.4140096	2.3271345e-06	7.9824807e-08
1.4158302	2.4224552e-06	8.0091305e-08
1.4176508	2.3543416e-06	8.0442026e-08
1.4194714	2.4507055e-06	8.0746050e-08
1.4212920	2.3870634e-06	8.0330587e-08
1.4231126	2.3813045e-06	8.0627627e-08
1.4249332	2.3931547e-06	8.0604336e-08
1.4267539	2.3786032e-06	8.0932068e-08
1.4285745	2.3516753e-06	8.0688434e-08
1.4303951	2.3332166e-06	8.0777981e-08
1.4322157	2.3214915e-06	8.0329159e-08
1.4340363	2.3414688e-06	8.0744179e-08
1.4358569	2.3595975e-06	8.0773316e-08
1.4376775	2.3495659e-06	8.0823039e-08
1.4394981	2.3823291e-06	8.1434251e-08
1.4413187	2.4436633e-06	8.1253768e-08
1.4431394	2.4365549e-06	8.1598789e-08
1.4449600	2.3924016e-06	8.0958937e-08
1.4467806	2.3508182e-06	8.1285679e-08
1.4486012	2.3961949e-06	8.1294882e-08
1.4504218	2.3154750e-06	8.2011729e-08
1.4522424	2.3131396e-06	8.3372839e-08
1.4540630	2.4330906e-06	8.3894395e-08
1.4558836	2.3618593e-06	8.4362870e-08
1.4577042	2.4199883e-06	8.4973654e-08
1.4595249	2.4343448e-06	8.4900916e-08
1.4613455	2.3901671e-06	8.5939792e-08
1.4631661	2.3909971e-06	8.5488156e-08
1.4649867	2.2554295e-06	8.5198619e-08
1.4668073	2.4499852e-06	8.6490647e-08
1.4686279	2.4374482e-06	8.6520534e-08
1.4704485	2.3372917e-06	8.7222309e-08
1.4722691	2.4534874e-06	8.7337306e-08
1.4740898	2.4408693e-06	8.6808513e-08
1.4759104	2.4498393e-06	8.7699730e-08
1.4777310	2.3910700e-06	8.7248686e-08
1.4795516	2.3206902e-06	8.7270889e-08
1.4813722	2.3970837e-06	8.7249680e-08
1.4831928	2.4618930e-06	8.7551556e-08
1.4850134	2.3773109e-06	8.6677117e-08
1.4868340	2.3749619e-06	8.7714426e-08
1.4886546	2.3937279e-06	8.7461545e-08
1.4904753	2.4504856e-06	8.7238753e-08
1.4922959	2.3506565e-06	8.7379095e-08
1.4941165	2.4134454e-06	8.7258460e-08
1.4959371	2.3705860e-06	8.7082982e-08
1.4977577	2.3961255e-06	8.7174732e-08
1.4995783	2.2985404e-06	8.6331355e-08
1.5013989	2.4019201e-06	8.7227344e-08
1.5032195	2.3486016e-06	8.6443306e-08
1.5050401	2.3323820e-06	8.6990271e-08
1.5068608	2.3747631e-06	8.6653687e-08
1.5086814	2.4606790e-06	8.7486484e-08
1.5105020	2.3580478e-06	8.8086047e-08
1.5123226	2.3758998e-06	8.7133521e-08
1.5141432	2.4067164e-06	8.7864362e-08
1.5159638	2.4752075e-06	8.7752315e-08
1.5177844	2.3850303e-06	8.7957901e-08
1.5196050	2.4246740e-06	8.7660977e-08
1.5214256	2.4250079e-06	8.8622724e-08
1.5232463	2.4123017e-06	8.8143594e-08
1.5250669	2.3992408e-06	8.8377157e-08
1.5268875	2.4022472e-06	8.8216989e-08
1.5287081	2.4097127e-06	8.8522238e-08
1.5305287	2.3448103e-06	8.8448177e-08
1.5323493	2.4286643e-06	8.8750133e-08
1.5341699	2.3909200e-06	8.9083283e-08
1.5359905	2.3473369e-06	8.9085847e-08
1.5378111	2.3819245e-06	8.9421705e-08
1.5396318	2.3366790e-06	8.8930574e-08
1.5414524	2.4448173e-06	8.9279136e-08
1.5432730	2.3744374e-06	8.9486749e-08
1.5450936	2.3682872e-06	8.9162230e-08
1.5469142	2.4857856e-06	9.0005693e-08
1.5487348	2.3152084e-06	8.9315328e-08
1.5505554	2.3332923e-06	8.9556703e-08
1.5523760	2.3804220e-06	9.0130470e-08
1.5541966	2.4696496e-06	9.0383243e-08
1.5560173	2.2970855e-06	8.9791449e-08
1.5578379	2.3820490e-06	9.0485405e-08
1.5596585	2.4218443e-06	9.0460778e-08
1.5614791	2.5028393e-06	9.1392459e-08
1.5632997	2.3409805e-06	9.0475177e-08
1.5651203	2.2654834e-06	8.9985738e-08
1.5669409	2.2743007e-06	9.0263896e-08
1.5687615	2.3850303e-06	9.1176382e-08
1.5705821	2.3879676e-06	9.1206336e-08
1.5724028	2.4833382e-06	9.1920513e-08
1.5742234	2.3194550e-06	9.1227375e-08
1.5760440	2.2944304e-06	9.0673501e-08
1.5778646	2.3304905e-06	9.1898810e-08
1.5796852	2.3497936e-06	9.1267909e-08
1.5815058	2.4152950e-06	9.2031604e-08
1.5833264	2.3497884e-06	9.1318389e-08
1.5851470	2.4107887e-06	9.1827807e-08
1.5869676	2.2889565e-06	9.1938295e-08
1.5887883	2.3256449e-06	9.1810139e-08
1.5906089	2.4125091e-06	9.1989320e-08
1.5924295	2.3058569e-06	9.2123049e-08
1.5942501	2.4773504e-06	9.2529474e-08
1.5960707	2.4398942e-06	9.3236894e-08
1.5978913	2.3181890e-06	9.1913712e-08
1.5997119	2.3398421e-06	9.2441139e-08
1.6015325	2.3674075e-06	9.3052678e-08
1.6033531	2.3692935e-06	9.2743038e-08
1.6051738	2.3706144e-06	9.4008652e-08
1.6069944	2.2892275e-06	9.2650551e-08
1.6088150	2.4590276e-06	9.3441071e-08
1.6106356	2.3367228e-06	9.3383471e-08
1.6124562	2.3599897e-06	9.3662464e-08
1.6142768	2.4329120e-06	9.3900535e-08
1.6160974	2.3641472e-06	9.3542204e-08
1.6179180	2.2299553e-06	9.3890153e-08
1.6197386	2.2397008e-06	9.3923660e-08
1.6215593	2.2822728e-06	9.4328133e-08
1.6233799	2.4213282e-06	9.4877420e-08
1.6252005	2.4022037e-06	9.5896526e-08
1.6270211	2.4110400e-06	9.7440566e-08
1.6288417	2.3776968e-06	9.8336654e-08
1.6306623	2.2134296e-06	9.7619922e-08
1.6324829	2.2598179e-06	9.8090862e-08
1.6343035	2.4113637e-06	9.8789500e-08
1.6361241	2.4965602e-06	9.9930688e-08
1.6379448	2.4791846e-06	1.0072728e-07
1.6397654	2.3712098e-06	1.0133306e-07
1.6415860	2.3410654e-06	1.0056374e-07
1.6434066	2.2903525e-06	1.0223538e-07
1.6452272	2.1372323e-06	1.0162588e-07
1.6470478	2.4242577e-06	1.0313650e-07
1.6488684	2.4109381e-06	1.0348313e-07
1.6506890	2.3541493e-06	1.0337259e-07
1.6525096	2.4277183e-06	1.0483557e-07
1.6543303	2.3832820e-06	1.0443276e-07
1.6561509	2.3978254e-06	1.0510130e-07
1.6579715	2.4882072e-06	1.0681701e-07
1.6597921	2.3561346e-06	1.0616131e-07
1.6616127	2.5081772e-06	1.0782787e-07
1.6634333	2.4189349e-06	1.0737575e-07
1.6652539	2.2718363e-06	1.0690717e-07
1.6670745	2.4477398e-06	1.0775271e-07
1.6688951	2.3498338e-06	1.0710487e-07
1.6707158	2.3160086e-06	1.0816970e-07
1.6725364	2.3794360e-06	1.0776629e-07
1.6743570	2.3294840e-06	1.0738169e-07
1.6761776	2.2883496e-06	1.0787005e-07
1.6779982	2.3577070e-06	1.0911079e-07
1.6798188	2.4523900e-06	1.0881332e-07
1.6816394	2.3578842e-06	1.0783615e-07
1.6834600	2.4137268e-06	1.0909637e-07
1.6852807	2.3936610e-06	1.0846587e-07
1.6871013	2.2842220e-06	1.0806482e-07
1.6889219	2.4322176e-06	1.0916252e-07
1.6907425	2.2955494e-06	1.0757913e-07
1.6925631	2.5095510e-06	1.0977197e-07
1.6943837	2.3258811e-06	1.0867920e-07
1.6962043	2.2993404e-06	1.0940727e-07
1.6980249	2.5117427e-06	1.0993059e-07
1.6998455	2.2993889e-06	1.0918533e-07
1.7016662	2.2672461e-06	1.0969805e-07
1.7034868	2.4224026e-06	1.1143402e-07
1.7053074	2.3938257e-06	1.1265184e-07
1.7071280	2.2744587e-06	1.1312254e-07
1.7089486	2.2467908e-06	1.1433387e-07
1.7107692	2.2349621e-06	1.1490409e-07
1.7125898	2.3109084e-06	1.1677762e-07
1.7144104	2.2981065e-06	1.1666378e-07
1.7162310	2.4254270e-06	1.1700222e-07
1.7180517	2.2933260e-06	1.1957503e-07
1.7198723	2.2799644e-06	1.2044226e-07
1.7216929	2.4971782e-06	1.2295579e-07
1.7235135	2.2424458e-06	1.2153284e-07
1.7253341	2.5281769e-06	1.2499049e-07
1.7271547	2.3148334e-06	1.2820227e-07
1.7289753	2.3270431e-06	1.2977166e-07
1.7307959	2.4252336e-06	1.3405782e-07
1.7326165	2.6324456e-06	1.3718223e-07
1.7344372	2.4111834e-06	1.4032555e-07
1.7362578	2.1905020e-06	1.4475784e-07
1.7380784	2.5025099e-06	1.4841256e-07
1.7398990	2.1780625e-06	1.5598158e-07
1.7417196	2.3186013e-06	1.5986617e-07
1.7435402	2.1695696e-06	1.7236418e-07
1.7453608	2.4761646e-06	1.8423297e-07
1.7471814	2.3072756e-06	1.9814936e-07
1.7490020	2.2307954e-06	2.1210273e-07
1.7508227	2.0927485e-06	2.3528354e-07
1.7526433	2.2791793e-06	2.5198702e-07
1.7544639	2.2898191e-06	2.8766880e-07
1.7562845	2.3976681e-06	3.4252444e-07
1.7581051	1.0581277e-06	1.0581271e-06
