0.017600784	0.010121117	0.00011941958
0.019421396	0.013499285	9.7521795e-05
0.021242007	0.0081723101	5.1549288e-05
0.023062618	0.011310741	4.3731811e-05
0.024883229	0.0082898146	3.0367047e-05
0.026703840	0.0062135985	2.3152374e-05
0.028524452	0.0051043283	2.1201699e-05
0.030345063	0.0043011272	1.8181587e-05
0.032165674	0.0052147168	1.7259233e-05
0.033986285	0.0056286674	1.5743061e-05
0.035806897	0.0048977299	1.3535685e-05
0.037627508	0.0038706059	1.1486843e-05
0.039448119	0.0027266832	9.3800197e-06
0.041268730	0.0019757478	7.7794392e-06
0.043089341	0.0015590510	6.8610130e-06
0.044909953	0.0012818526	5.9125566e-06
0.046730564	0.0010678543	5.4857055e-06
0.048551175	0.00092619064	4.9621945e-06
0.050371786	0.00082083621	4.5311357e-06
0.052192397	0.00073119195	4.2639630e-06
0.054013009	0.00066323038	3.8616729e-06
0.055833620	0.00056496885	3.6836482e-06
0.057654231	0.00052338411	3.4123669e-06
0.059474842	0.00047766453	3.1853506e-06
0.061295453	0.00043880840	3.0228162e-06
0.063116065	0.00039340270	2.8073707e-06
0.064936676	0.00034738885	2.6443604e-06
0.066757287	0.00033105440	2.5163783e-06
0.068577898	0.00030908270	2.3990916e-06
0.070398509	0.00029035513	2.3201697e-06
0.072219121	0.00026761471	2.1444202e-06
0.074039732	0.00025042244	2.0828798e-06
0.075860343	0.00022712599	1.9795793e-06
0.077680954	0.00021135625	1.8466282e-06
0.079501565	0.00019974795	1.8020925e-06
0.081322177	0.00018334395	1.6757197e-06
0.083142788	0.00016896075	1.6204331e-06
0.084963399	0.00016158735	1.5788871e-06
0.086784010	0.00015032996	1.4726912e-06
0.088604622	0.00014278302	1.4476541e-06
0.090425233	0.00013690446	1.3663147e-06
0.092245844	0.00012711882	1.3273267e-06
0.094066455	0.00012151989	1.2810745e-06
0.095887066	0.00011461413	1.2382218e-06
0.097707678	0.00010484349	1.1786866e-06
0.099528289	0.00010194479	1.1358795e-06
0.10134890	9.8837398e-05	1.1117965e-06
0.10316951	9.3083997e-05	1.0757742e-06
0.10499012	8.8000171e-05	1.0368760e-06
0.10681073	8.5647014e-05	1.0084497e-06
0.10863134	8.2365134e-05	9.7935823e-07
0.11045196	7.8045712e-05	9.5071713e-07
0.11227257	7.4415735e-05	9.1710670e-07
0.11409318	6.7838782e-05	8.7799264e-07
0.11591379	6.7600884e-05	8.6717701e-07
0.11773440	6.3885071e-05	8.2372371e-07
0.11955501	6.0282733e-05	8.0729367e-07
0.12137562	5.9564298e-05	7.9738659e-07
0.12319623	5.6251955e-05	7.6155354e-07
0.12501685	5.5025419e-05	7.5504912e-07
0.12683746	5.2528949e-05	7.1943965e-07
0.12865807	4.9609167e-05	7.0334011e-07
0.13047868	4.9234431e-05	6.9732678e-07
0.13229929	4.6883809e-05	6.7189746e-07
0.13411990	4.5092861e-05	6.6348913e-07
0.13594051	4.4867795e-05	6.4848960e-07
0.13776112	4.2206207e-05	6.2757124e-07
0.13958174	4.1845195e-05	6.1610377e-07
0.14140235	3.8825206e-05	5.9029691e-07
0.14322296	3.8188309e-05	5.8605778e-07
0.14504357	3.7153568e-05	5.6964172e-07
0.14686418	3.5619007e-05	5.5546315e-07
0.14868479	3.3686808e-05	5.4129762e-07
0.15050540	3.2929581e-05	5.2763364e-07
0.15232601	3.3444559e-05	5.3227602e-07
0.15414662	3.2459492e-05	5.2649322e-07
0.15596724	3.0605375e-05	5.1754711e-07
0.15778785	2.9044445e-05	5.0158704e-07
0.15960846	2.8869534e-05	5.0370016e-07
0.16142907	2.9006517e-05	5.0655296e-07
0.16324968	2.8181137e-05	4.9989809e-07
0.16507029	2.6889758e-05	4.8713650e-07
0.16689090	2.6885875e-05	4.8515916e-07
0.16871151	2.5371714e-05	4.6880272e-07
0.17053213	2.5093239e-05	4.7532208e-07
0.17235274	2.4452335e-05	4.5859749e-07
0.17417335	2.3703976e-05	4.5745567e-07
0.17599396	2.3059704e-05	4.4610333e-07
0.17781457	2.2368479e-05	4.4080621e-07
0.17963518	2.1981359e-05	4.3787902e-07
0.18145579	2.1916854e-05	4.3140401e-07
0.18327640	2.1449374e-05	4.2660461e-07
0.18509702	2.1463043e-05	4.2444928e-07
0.18691763	2.1096215e-05	4.0957722e-07
0.18873824	1.9959553e-05	3.9642267e-07
0.19055885	1.9662611e-05	3.8968320e-07
0.19237946	1.9509546e-05	3.8268682e-07
0.19420007	1.8798318e-05	3.7506654e-07
0.19602068	1.8164528e-05	3.6504277e-07
0.19784129	1.8032656e-05	3.6203041e-07
0.19966191	1.7233964e-05	3.4953519e-07
0.20148252	1.7508654e-05	3.5236042e-07
0.20330313	1.8233649e-05	3.5346685e-07
0.20512374	1.6745179e-05	3.3892048e-07
0.20694435	1.7286128e-05	3.4823613e-07
0.20876496	1.6612433e-05	3.4312355e-07
0.21058557	1.6105440e-05	3.4879562e-07
0.21240618	1.6418390e-05	3.5852903e-07
0.21422679	1.5362495e-05	3.4638097e-07
0.21604741	1.5206780e-05	3.5023710e-07
0.21786802	1.6095320e-05	3.5918024e-07
0.21968863	1.4872933e-05	3.5006215e-07
0.22150924	1.4758182e-05	3.5018388e-07
0.22332985	1.4996006e-05	3.4510982e-07
0.22515046	1.4688613e-05	3.4259444e-07
0.22697107	1.4878924e-05	3.3771025e-07
0.22879168	1.4124001e-05	3.3060538e-07
0.23061230	1.3963344e-05	3.2515197e-07
0.23243291	1.3197939e-05	3.1716231e-07
0.23425352	1.4073037e-05	3.2895336e-07
0.23607413	1.2710810e-05	3.0653458e-07
0.23789474	1.3477837e-05	3.0999731e-07
0.23971535	1.3118780e-05	3.0226183e-07
0.24153596	1.2855074e-05	2.9548695e-07
0.24335657	1.2568377e-05	2.9185396e-07
0.24517719	1.2630098e-05	2.8739370e-07
0.24699780	1.2713468e-05	2.8625861e-07
0.24881841	1.2448644e-05	2.8181146e-07
0.25063902	1.1891836e-05	2.7362699e-07
0.25245963	1.1748543e-05	2.7262979e-07
0.25428024	1.1433480e-05	2.6553941e-07
0.25610085	1.1545725e-05	2.6612224e-07
0.25792146	1.1608646e-05	2.6527782e-07
0.25974207	1.1348380e-05	2.6020226e-07
0.26156269	1.1002375e-05	2.5449414e-07
0.26338330	1.0907026e-05	2.5349876e-07
0.26520391	1.1065647e-05	2.5058541e-07
0.26702452	1.0976542e-05	2.4931722e-07
0.26884513	1.0787767e-05	2.4649848e-07
0.27066574	1.0947264e-05	2.4768663e-07
0.27248635	1.0778214e-05	2.4308949e-07
0.27430696	1.0221168e-05	2.3665953e-07
0.27612758	1.0675309e-05	2.3968173e-07
0.27794819	1.0309542e-05	2.3670147e-07
0.27976880	1.0544974e-05	2.3692419e-07
0.28158941	1.0014145e-05	2.3142817e-07
0.28341002	1.0368133e-05	2.3498329e-07
0.28523063	9.9427005e-06	2.2839924e-07
0.28705124	1.0182340e-05	2.2909452e-07
0.28887185	9.9831777e-06	2.2697457e-07
0.29069247	9.6133620e-06	2.2368732e-07
0.29251308	9.7994141e-06	2.2407668e-07
0.29433369	9.8701811e-06	2.2249687e-07
0.29615430	9.6162659e-06	2.2062541e-07
0.29797491	9.2466282e-06	2.1491694e-07
0.29979552	9.4254299e-06	2.1570647e-07
0.30161613	9.6174818e-06	2.1907355e-07
0.30343674	9.5831344e-06	2.1530159e-07
0.30525736	8.8088403e-06	2.0890408e-07
0.30707797	8.8537741e-06	2.0621434e-07
0.30889858	8.9893888e-06	2.0897841e-07
0.31071919	9.2062634e-06	2.1028524e-07
0.31253980	8.8144140e-06	2.0593805e-07
0.31436041	8.6400165e-06	2.0345408e-07
0.31618102	8.7709199e-06	2.0281453e-07
0.31800163	8.9897629e-06	2.0522047e-07
0.31982224	8.8185434e-06	2.0434159e-07
0.32164286	8.3805013e-06	1.9805307e-07
0.32346347	8.5115625e-06	1.9847546e-07
0.32528408	8.3559669e-06	1.9629606e-07
0.32710469	8.3596868e-06	1.9697933e-07
0.32892530	8.4247667e-06	1.9573589e-07
0.33074591	8.4715656e-06	1.9530397e-07
0.33256652	8.2840672e-06	1.9454768e-07
0.33438713	8.5668226e-06	1.9446428e-07
0.33620775	8.3578628e-06	1.9427751e-07
0.33802836	8.2263188e-06	1.9138077e-07
0.33984897	7.9786271e-06	1.8839272e-07
0.34166958	8.2433558e-06	1.9127535e-07
0.34349019	8.2752651e-06	1.8731240e-07
0.34531080	8.2390925e-06	1.8970734e-07
0.34713141	7.9233001e-06	1.8598509e-07
0.34895202	8.2079509e-06	1.8729873e-07
0.35077264	8.0224045e-06	1.8566371e-07
0.35259325	7.7962014e-06	1.8238188e-07
0.35441386	7.8999663e-06	1.8346294e-07
0.35623447	7.7352080e-06	1.8153876e-07
0.35805508	7.4927546e-06	1.7912193e-07
0.35987569	7.7961633e-06	1.8049913e-07
0.36169630	7.4756870e-06	1.7741244e-07
0.36351691	7.4343861e-06	1.7696081e-07
0.36533752	7.7930818e-06	1.7851974e-07
0.36715814	7.5351417e-06	1.7646148e-07
0.36897875	7.4534822e-06	1.7527647e-07
0.37079936	7.5261211e-06	1.7498884e-07
0.37261997	7.2469858e-06	1.7332023e-07
0.37444058	7.2760942e-06	1.7083330e-07
0.37626119	7.2438093e-06	1.7268706e-07
0.37808180	7.2454065e-06	1.7263066e-07
0.37990241	7.1970629e-06	1.6896280e-07
0.38172303	7.2611779e-06	1.7128921e-07
0.38354364	7.3864991e-06	1.6854700e-07
0.38536425	7.1007874e-06	1.6785184e-07
0.38718486	6.8547138e-06	1.6671919e-07
0.38900547	7.2370914e-06	1.6668327e-07
0.39082608	6.7923221e-06	1.6445285e-07
0.39264669	7.1023801e-06	1.6548376e-07
0.39446730	6.9300697e-06	1.6445262e-07
0.39628792	6.8383153e-06	1.6317436e-07
0.39810853	6.9426710e-06	1.6212288e-07
0.39992914	6.8286995e-06	1.6204171e-07
0.40174975	6.6192655e-06	1.6003659e-07
0.40357036	6.8581088e-06	1.6184508e-07
0.40539097	6.6689193e-06	1.6158685e-07
0.40721158	6.7211771e-06	1.5770734e-07
0.40903219	6.4316528e-06	1.5690602e-07
0.41085281	6.7261283e-06	1.5861870e-07
0.41267342	6.9868465e-06	1.6140331e-07
0.41449403	6.5360773e-06	1.5620839e-07
0.41631464	6.5300979e-06	1.5674176e-07
0.41813525	6.9335957e-06	1.5808226e-07
0.41995586	6.7019572e-06	1.5764380e-07
0.42177647	6.4473346e-06	1.5488193e-07
0.42359708	6.3878597e-06	1.5347213e-07
0.42541769	6.4405314e-06	1.5346011e-07
0.42723831	6.4986579e-06	1.5399363e-07
0.42905892	6.3758594e-06	1.5114608e-07
0.43087953	6.6959595e-06	1.5511076e-07
0.43270014	6.1113038e-06	1.4932540e-07
0.43452075	6.2461138e-06	1.5021125e-07
0.43634136	6.3066778e-06	1.5101553e-07
0.43816197	6.2965710e-06	1.4967040e-07
0.43998258	6.1746153e-06	1.4943919e-07
0.44180320	6.5970375e-06	1.5151666e-07
0.44362381	5.9897691e-06	1.4630577e-07
0.44544442	6.3628062e-06	1.5010491e-07
0.44726503	6.2708049e-06	1.4689628e-07
0.44908564	6.2193061e-06	1.4798849e-07
0.45090625	6.0592791e-06	1.4604132e-07
0.45272686	5.9371303e-06	1.4405532e-07
0.45454747	6.1502622e-06	1.4669903e-07
0.45636809	5.9396863e-06	1.4317536e-07
0.45818870	5.9947400e-06	1.4388333e-07
0.46000931	5.9459402e-06	1.4372086e-07
0.46182992	5.9767045e-06	1.4322886e-07
0.46365053	5.9807472e-06	1.4341571e-07
0.46547114	5.9988252e-06	1.4327714e-07
0.46729175	5.9641131e-06	1.4172704e-07
0.46911236	6.0701535e-06	1.4255215e-07
0.47093298	5.8619434e-06	1.4118311e-07
0.47275359	5.7913352e-06	1.4058165e-07
0.47457420	5.8509415e-06	1.4039090e-07
0.47639481	5.6797795e-06	1.3859340e-07
0.47821542	5.6876346e-06	1.3820533e-07
0.48003603	5.8812683e-06	1.4015789e-07
0.48185664	5.7251199e-06	1.3794709e-07
0.48367725	5.8136735e-06	1.3906172e-07
0.48549786	5.8632162e-06	1.3808255e-07
0.48731848	5.6321873e-06	1.3716202e-07
0.48913909	5.4700541e-06	1.3593998e-07
0.49095970	5.7161863e-06	1.3640525e-07
0.49278031	5.7014320e-06	1.3577913e-07
0.49460092	5.4887953e-06	1.3487162e-07
0.49642153	5.5139599e-06	1.3366145e-07
0.49824214	5.7094954e-06	1.3649907e-07
0.50006275	5.4282204e-06	1.3354034e-07
0.50188337	5.5653769e-06	1.3430865e-07
0.50370398	5.6467245e-06	1.3491827e-07
0.50552459	5.4355587e-06	1.3215680e-07
0.50734520	5.5574141e-06	1.3268369e-07
0.50916581	5.4382308e-06	1.3214816e-07
0.51098642	5.5435791e-06	1.3218577e-07
0.51280703	5.2256883e-06	1.3006635e-07
0.51462764	5.3847282e-06	1.3169684e-07
0.51644826	5.1308289e-06	1.2887759e-07
0.51826887	5.1686044e-06	1.2911052e-07
0.52008948	5.4389350e-06	1.3056254e-07
0.52191009	5.2658916e-06	1.2892246e-07
0.52373070	5.2506481e-06	1.2826656e-07
0.52555131	5.2992273e-06	1.2867300e-07
0.52737192	5.0732435e-06	1.2708495e-07
0.52919253	5.2013660e-06	1.2795857e-07
0.53101314	5.1990474e-06	1.2683138e-07
0.53283376	5.3596027e-06	1.2784689e-07
0.53465437	5.0687558e-06	1.2570395e-07
0.53647498	4.9743738e-06	1.2391398e-07
0.53829559	4.9606697e-06	1.2594125e-07
0.54011620	5.1628556e-06	1.2528582e-07
0.54193681	5.0732857e-06	1.2477465e-07
0.54375742	5.2320590e-06	1.2796833e-07
0.54557803	5.1016730e-06	1.2673117e-07
0.54739865	4.9108231e-06	1.2659602e-07
0.54921926	4.9915346e-06	1.2697712e-07
0.55103987	4.7060432e-06	1.2443349e-07
0.55286048	5.1874279e-06	1.3013922e-07
0.55468109	4.9276871e-06	1.2689843e-07
0.55650170	5.0427471e-06	1.2923357e-07
0.55832231	4.7270282e-06	1.2609677e-07
0.56014292	4.6065146e-06	1.2430722e-07
0.56196354	5.0459145e-06	1.2888311e-07
0.56378415	4.7314896e-06	1.2613520e-07
0.56560476	4.8321510e-06	1.2670798e-07
0.56742537	4.8934233e-06	1.2723744e-07
0.56924598	4.8306898e-06	1.2595248e-07
0.57106659	4.7131919e-06	1.2684143e-07
0.57288720	4.6055014e-06	1.2567194e-07
0.57470781	4.7575933e-06	1.2514296e-07
0.57652843	4.7858483e-06	1.2416142e-07
0.57834904	4.6446298e-06	1.2305438e-07
0.58016965	4.5148027e-06	1.2137078e-07
0.58199026	4.7640492e-06	1.2307853e-07
0.58381087	4.5034716e-06	1.2148539e-07
0.58563148	4.6445791e-06	1.2111761e-07
0.58745209	4.7323773e-06	1.2186161e-07
0.58927270	4.5353425e-06	1.2037359e-07
0.59109331	4.5848725e-06	1.1853929e-07
0.59291393	4.3978467e-06	1.1910181e-07
0.59473454	4.4784956e-06	1.1758299e-07
0.59655515	4.4706666e-06	1.1758823e-07
0.59837576	4.4224648e-06	1.1834378e-07
0.60019637	4.5998124e-06	1.1978215e-07
0.60201698	4.5274338e-06	1.2078107e-07
0.60383759	4.6475716e-06	1.2033736e-07
0.60565820	4.4157068e-06	1.2011785e-07
0.60747882	4.3230615e-06	1.1899391e-07
0.60929943	4.4130164e-06	1.2020313e-07
0.61112004	4.3315244e-06	1.1967947e-07
0.61294065	4.3260250e-06	1.1921268e-07
0.61476126	4.3812795e-06	1.1976390e-07
0.61658187	4.5076314e-06	1.2188281e-07
0.61840248	4.2230392e-06	1.1865686e-07
0.62022309	4.2378925e-06	1.1977944e-07
0.62204371	4.3306641e-06	1.1937072e-07
0.62386432	4.1344440e-06	1.1833190e-07
0.62568493	4.1532730e-06	1.1944075e-07
0.62750554	4.0146171e-06	1.1725556e-07
0.62932615	4.1704524e-06	1.1739484e-07
0.63114676	4.0592417e-06	1.1545503e-07
0.63296737	4.1238379e-06	1.1524447e-07
0.63478798	4.2935749e-06	1.1718902e-07
0.63660859	4.1244788e-06	1.1411541e-07
0.63842921	4.1821847e-06	1.1476931e-07
0.64024982	4.2211632e-06	1.1429388e-07
0.64207043	4.1305689e-06	1.1360720e-07
0.64389104	4.1246095e-06	1.1290300e-07
0.64571165	4.0454604e-06	1.1273197e-07
0.64753226	3.9614075e-06	1.1153164e-07
0.64935287	4.1837914e-06	1.1255966e-07
0.65117348	3.9554576e-06	1.1088582e-07
0.65299410	3.9826709e-06	1.1118690e-07
0.65481471	3.8742263e-06	1.1075157e-07
0.65663532	4.0247485e-06	1.1042383e-07
0.65845593	3.9269610e-06	1.0972182e-07
0.66027654	4.0367509e-06	1.1105560e-07
0.66209715	3.9314606e-06	1.1019757e-07
0.66391776	3.8039628e-06	1.0915674e-07
0.66573837	3.9848675e-06	1.1018701e-07
0.66755899	4.0727401e-06	1.0953863e-07
0.66937960	3.9573453e-06	1.0892225e-07
0.67120021	3.9271330e-06	1.0814855e-07
0.67302082	3.8787424e-06	1.0847512e-07
0.67484143	3.7807069e-06	1.0709936e-07
0.67666204	3.8989547e-06	1.0803458e-07
0.67848265	3.8686595e-06	1.0709686e-07
0.68030326	3.8821794e-06	1.0755491e-07
0.68212388	3.8139924e-06	1.0715088e-07
0.68394449	3.7762733e-06	1.0594206e-07
0.68576510	3.7302126e-06	1.0613484e-07
0.68758571	3.7745225e-06	1.0659109e-07
0.68940632	3.8372429e-06	1.0661610e-07
0.69122693	3.7886340e-06	1.0602004e-07
0.69304754	3.6763832e-06	1.0441459e-07
0.69486815	3.6879468e-06	1.0495562e-07
0.69668876	3.6808111e-06	1.0500027e-07
0.69850938	3.6340652e-06	1.0370095e-07
0.70032999	3.5719289e-06	1.0410040e-07
0.70215060	3.7896741e-06	1.0401045e-07
0.70397121	3.6563660e-06	1.0417355e-07
0.70579182	3.6200906e-06	1.0408616e-07
0.70761243	3.6460387e-06	1.0504985e-07
0.70943304	3.6913353e-06	1.0640583e-07
0.71125365	3.5835889e-06	1.0584659e-07
0.71307427	3.5480198e-06	1.0516514e-07
0.71489488	3.4823980e-06	1.0510301e-07
0.71671549	3.6072523e-06	1.0601416e-07
0.71853610	3.5185999e-06	1.0597308e-07
0.72035671	3.6396185e-06	1.0373717e-07
0.72217732	3.4731777e-06	1.0341303e-07
0.72399793	3.5542449e-06	1.0330750e-07
0.72581854	3.5520308e-06	1.0246206e-07
0.72763916	3.4466963e-06	1.0216090e-07
0.72945977	3.5666153e-06	1.0152177e-07
0.73128038	3.4537330e-06	1.0247617e-07
0.73310099	3.4256394e-06	1.0166500e-07
0.73492160	3.4774285e-06	1.0140519e-07
0.73674221	3.3833794e-06	1.0078659e-07
0.73856282	3.5500102e-06	1.0066660e-07
0.74038343	3.4666877e-06	1.0116444e-07
0.74220404	3.4089218e-06	1.0045025e-07
0.74402466	3.4686377e-06	1.0043868e-07
0.74584527	3.4344246e-06	1.0001805e-07
0.74766588	3.3420500e-06	9.8924538e-08
0.74948649	3.4669474e-06	9.9464573e-08
0.75130710	3.4363265e-06	9.9944556e-08
0.75312771	3.4374763e-06	9.9168922e-08
0.75494832	3.3606881e-06	9.9117644e-08
0.75676893	3.3474228e-06	9.8604480e-08
0.75858955	3.2905412e-06	9.8392285e-08
0.76041016	3.3379664e-06	9.8581160e-08
0.76223077	3.3353714e-06	9.7854608e-08
0.76405138	3.3001252e-06	9.7690730e-08
0.76587199	3.3310899e-06	9.8375544e-08
0.76769260	3.3541485e-06	9.7368535e-08
0.76951321	3.2531590e-06	9.7145085e-08
0.77133382	3.2963638e-06	9.7218014e-08
0.77315444	3.3301887e-06	9.7097119e-08
0.77497505	3.3535468e-06	9.7320916e-08
0.77679566	3.2837717e-06	9.6543135e-08
0.77861627	3.2576181e-06	9.7251237e-08
0.78043688	3.2566051e-06	9.6564735e-08
0.78225749	3.2708971e-06	9.6449102e-08
0.78407810	3.2832433e-06	9.5938856e-08
0.78589871	3.2594103e-06	9.5546475e-08
0.78771933	3.1837550e-06	9.6169204e-08
0.78953994	3.1381400e-06	9.5463105e-08
0.79136055	3.2068742e-06	9.5303156e-08
0.79318116	3.2854882e-06	9.5389780e-08
0.79500177	3.2443730e-06	9.4992764e-08
0.79682238	3.1385429e-06	9.4600727e-08
0.79864299	3.1439688e-06	9.4969725e-08
0.80046360	3.1496384e-06	9.4564624e-08
0.80228421	3.1726520e-06	9.4046514e-08
0.80410483	3.2566581e-06	9.4598001e-08
0.80592544	3.1000917e-06	9.3820291e-08
0.80774605	3.1747920e-06	9.3566083e-08
0.80956666	3.3033028e-06	9.4823303e-08
0.81138727	3.2453293e-06	9.4182673e-08
0.81320788	3.2563490e-06	9.3709794e-08
0.81502849	3.0484268e-06	9.3587015e-08
0.81684910	3.0795582e-06	9.2906097e-08
0.81866972	3.0635683e-06	9.2983679e-08
0.82049033	3.1155901e-06	9.3074024e-08
0.82231094	3.0866376e-06	9.2156503e-08
0.82413155	3.1549778e-06	9.3000414e-08
0.82595216	3.0577532e-06	9.2097668e-08
0.82777277	3.0118588e-06	9.2246859e-08
0.82959338	3.0730419e-06	9.2517713e-08
0.83141399	3.0370818e-06	9.1827185e-08
0.83323461	3.0137607e-06	9.1814870e-08
0.83505522	3.0625400e-06	9.2115964e-08
0.83687583	2.9489302e-06	9.0557512e-08
0.83869644	3.1062905e-06	9.2019359e-08
0.84051705	3.0269128e-06	9.0665144e-08
0.84233766	3.0185660e-06	9.1362160e-08
0.84415827	2.9960201e-06	9.0892049e-08
0.84597888	3.0644158e-06	9.0731663e-08
0.84779949	2.9649596e-06	9.0961147e-08
0.84962011	3.1877436e-06	9.1614154e-08
0.85144072	3.0206856e-06	9.0506423e-08
0.85326133	3.0351698e-06	9.0317849e-08
0.85508194	2.9547599e-06	9.0146066e-08
0.85690255	2.9510280e-06	9.0409606e-08
0.85872316	2.9621449e-06	8.9458394e-08
0.86054377	2.9425212e-06	8.9435476e-08
0.86236438	2.8952375e-06	8.9299684e-08
0.86418500	2.9723362e-06	9.0075269e-08
0.86600561	2.9951965e-06	8.9957732e-08
0.86782622	2.9325199e-06	8.9173881e-08
0.86964683	2.9217724e-06	8.8721501e-08
0.87146744	2.9706081e-06	8.8699429e-08
0.87328805	2.9367473e-06	8.8876027e-08
0.87510866	2.8441966e-06	8.8347144e-08
0.87692927	2.9566799e-06	8.8938329e-08
0.87874989	2.9089355e-06	8.9245816e-08
0.88057050	2.8678638e-06	8.7839283e-08
0.88239111	3.0194461e-06	8.8322421e-08
0.88421172	2.8772287e-06	8.7842632e-08
0.88603233	2.8299176e-06	8.7670328e-08
0.88785294	2.8988908e-06	8.7518406e-08
0.88967355	2.8110718e-06	8.6932592e-08
0.89149416	2.8917043e-06	8.7542176e-08
0.89331478	2.8212460e-06	8.7558584e-08
0.89513539	2.9220212e-06	8.7685395e-08
0.89695600	2.7882875e-06	8.6759432e-08
0.89877661	2.8076519e-06	8.6824453e-08
0.90059722	2.7864327e-06	8.6682472e-08
0.90241783	2.8990846e-06	8.7260608e-08
0.90423844	2.8081883e-06	8.6661976e-08
0.90605905	2.8555521e-06	8.6177449e-08
0.90787966	2.8383677e-06	8.6742734e-08
0.90970028	2.8187432e-06	8.6360568e-08
0.91152089	2.8406446e-06	8.6345823e-08
0.91334150	2.7016244e-06	8.6124225e-08
0.91516211	2.8904307e-06	8.6487137e-08
0.91698272	2.6780522e-06	8.5601769e-08
0.91880333	2.8177794e-06	8.5934594e-08
0.92062394	2.8202544e-06	8.5778192e-08
0.92244455	2.8370849e-06	8.6151718e-08
0.92426517	2.6706726e-06	8.4833605e-08
0.92608578	2.7801415e-06	8.5149102e-08
0.92790639	2.8542044e-06	8.6059508e-08
0.92972700	2.8694872e-06	8.5283640e-08
0.93154761	2.8378796e-06	8.6576401e-08
0.93336822	2.7292246e-06	8.5545730e-08
0.93518883	2.7735693e-06	8.6218225e-08
0.93700944	2.8173051e-06	8.6895673e-08
0.93883006	2.7097735e-06	8.6668677e-08
0.94065067	2.7964574e-06	8.6839755e-08
0.94247128	2.7140315e-06	8.6083151e-08
0.94429189	2.7603836e-06	8.6768563e-08
0.94611250	2.7402204e-06	8.7118978e-08
0.94793311	2.7228184e-06	8.6804655e-08
0.94975372	2.8116981e-06	8.7825439e-08
0.95157433	2.7824753e-06	8.6590712e-08
0.95339494	2.7777871e-06	8.7124929e-08
0.95521556	2.7687102e-06	8.7138526e-08
0.95703617	2.8922180e-06	8.7783886e-08
0.95885678	2.6617925e-06	8.7489983e-08
0.96067739	2.6967107e-06	8.6916651e-08
0.96249800	2.8845760e-06	8.7484606e-08
0.96431861	2.7004867e-06	8.5403586e-08
0.96613922	2.7837276e-06	8.6055415e-08
0.96795983	2.8556672e-06	8.6297121e-08
0.96978045	2.6746481e-06	8.4867013e-08
0.97160106	2.7196806e-06	8.4657862e-08
0.97342167	2.7070483e-06	8.4804564e-08
0.97524228	2.7554208e-06	8.4629828e-08
0.97706289	2.6231964e-06	8.4369923e-08
0.97888350	2.7866145e-06	8.4687888e-08
0.98070411	2.6523617e-06	8.3692660e-08
0.98252472	2.7483102e-06	8.4349720e-08
0.98434534	2.6784810e-06	8.3554209e-08
0.98616595	2.6739916e-06	8.3655981e-08
0.98798656	2.8450262e-06	8.3748613e-08
0.98980717	2.6513431e-06	8.3719303e-08
0.99162778	2.6767631e-06	8.4505707e-08
0.99344839	2.8455069e-06	8.5822829e-08
0.99526900	2.7490134e-06	8.4547309e-08
0.99708961	2.5895155e-06	8.4762522e-08
0.99891023	2.6483995e-06	8.4326228e-08
1.0007308	2.6632066e-06	8.4942573e-08
1.0025514	2.6531714e-06	8.5447526e-08
1.0043721	2.6175025e-06	8.4455181e-08
1.0061927	2.7187347e-06	8.5597911e-08
1.0080133	2.7082433e-06	8.5428246e-08
1.0098339	2.7569645e-06	8.5420370e-08
1.0116545	2.7420573e-06	8.5776851e-08
1.0134751	2.5859833e-06	8.4768271e-08
1.0152957	2.7116920e-06	8.5339833e-08
1.0171163	2.6459563e-06	8.5475536e-08
1.0189369	2.6218879e-06	8.5534415e-08
1.0207576	2.5966279e-06	8.4338460e-08
1.0225782	2.7533725e-06	8.4692425e-08
1.0243988	2.7222597e-06	8.4177193e-08
1.0262194	2.5903169e-06	8.3229923e-08
1.0280400	2.7291891e-06	8.3816587e-08
1.0298606	2.6678609e-06	8.3126582e-08
1.0316812	2.6153263e-06	8.2796408e-08
1.0335018	2.7004060e-06	8.3186929e-08
1.0353224	2.5669260e-06	8.2074044e-08
1.0371431	2.6477524e-06	8.2649575e-08
1.0389637	2.6437497e-06	8.2526958e-08
1.0407843	2.7361230e-06	8.2079421e-08
1.0426049	2.6407936e-06	8.2742429e-08
1.0444255	2.6093971e-06	8.2078266e-08
1.0462461	2.6456506e-06	8.1948261e-08
1.0480667	2.5406992e-06	8.1761509e-08
1.0498873	2.7197163e-06	8.1618721e-08
1.0517080	2.6413728e-06	8.1895143e-08
1.0535286	2.6341529e-06	8.1196867e-08
1.0553492	2.4822966e-06	8.0952705e-08
1.0571698	2.6873132e-06	8.1547344e-08
1.0589904	2.6464332e-06	8.0551204e-08
1.0608110	2.6791891e-06	8.1727652e-08
1.0626316	2.6693741e-06	8.1058898e-08
1.0644522	2.7398082e-06	8.1188604e-08
1.0662728	2.6089236e-06	8.0418746e-08
1.0680935	2.6140823e-06	8.0445520e-08
1.0699141	2.6428042e-06	8.0798900e-08
1.0717347	2.5836988e-06	8.0561711e-08
1.0735553	2.6438057e-06	8.0145318e-08
1.0753759	2.6719446e-06	8.0684029e-08
1.0771965	2.5408990e-06	7.9610620e-08
1.0790171	2.5931417e-06	7.9480431e-08
1.0808377	2.5582452e-06	7.9232494e-08
1.0826583	2.6448233e-06	7.9914569e-08
1.0844790	2.6604070e-06	7.9739473e-08
1.0862996	2.5526773e-06	7.9773372e-08
1.0881202	2.6534296e-06	7.9109894e-08
1.0899408	2.5468173e-06	7.9187996e-08
1.0917614	2.6419226e-06	7.9811769e-08
1.0935820	2.5957924e-06	7.9192098e-08
1.0954026	2.7009753e-06	7.9521136e-08
1.0972232	2.6343401e-06	7.9047330e-08
1.0990438	2.6372299e-06	7.8441698e-08
1.1008645	2.6751503e-06	7.9038750e-08
1.1026851	2.5850489e-06	7.8491731e-08
1.1045057	2.6051596e-06	7.8627079e-08
1.1063263	2.5864528e-06	7.8629611e-08
1.1081469	2.5974086e-06	7.8213054e-08
1.1099675	2.4913975e-06	7.8140417e-08
1.1117881	2.6595619e-06	7.8086199e-08
1.1136087	2.5592585e-06	7.8221584e-08
1.1154293	2.6635121e-06	7.8563362e-08
1.1172500	2.5211350e-06	7.7853105e-08
1.1190706	2.5416174e-06	7.7774950e-08
1.1208912	2.6195097e-06	7.7819090e-08
1.1227118	2.5184475e-06	7.7603292e-08
1.1245324	2.5530326e-06	7.7886007e-08
1.1263530	2.5148454e-06	7.7614695e-08
1.1281736	2.6289984e-06	7.7690237e-08
1.1299942	2.5500038e-06	7.7346477e-08
1.1318148	2.5863371e-06	7.7751688e-08
1.1336355	2.5435300e-06	7.7117399e-08
1.1354561	2.5686139e-06	7.7411553e-08
1.1372767	2.4931228e-06	7.6707722e-08
1.1390973	2.4743567e-06	7.7324051e-08
1.1409179	2.5921885e-06	7.8561654e-08
1.1427385	2.5321918e-06	7.7909067e-08
1.1445591	2.6207236e-06	7.8739884e-08
1.1463797	2.6062991e-06	7.8295763e-08
1.1482003	2.4509491e-06	7.8069282e-08
1.1500210	2.6136365e-06	7.9288991e-08
1.1518416	2.5041663e-06	7.8197093e-08
1.1536622	2.6449636e-06	7.8945819e-08
1.1554828	2.4703859e-06	7.7785688e-08
1.1573034	2.5615269e-06	7.8420506e-08
1.1591240	2.5480999e-06	7.8319736e-08
1.1609446	2.5765153e-06	7.8797933e-08
1.1627652	2.4962587e-06	7.7900470e-08
1.1645858	2.5542000e-06	7.8825564e-08
1.1664065	2.5825131e-06	7.8724883e-08
1.1682271	2.5193869e-06	7.8319879e-08
1.1700477	2.5156315e-06	7.8311654e-08
1.1718683	2.5202483e-06	7.8377462e-08
1.1736889	2.6346558e-06	7.8982962e-08
1.1755095	2.6599344e-06	7.9002157e-08
1.1773301	2.5420390e-06	7.8414958e-08
1.1791507	2.4905695e-06	7.8653360e-08
1.1809713	2.5509944e-06	7.8655731e-08
1.1827920	2.5153650e-06	7.8625009e-08
1.1846126	2.4917468e-06	7.8985985e-08
1.1864332	2.4805122e-06	7.8320278e-08
1.1882538	2.4464611e-06	7.8732126e-08
1.1900744	2.4315854e-06	7.8041638e-08
1.1918950	2.5318888e-06	7.8842116e-08
1.1937156	2.6460445e-06	7.9341505e-08
1.1955362	2.5084129e-06	7.8482832e-08
1.1973568	2.6126678e-06	7.9148589e-08
1.1991775	2.5169819e-06	7.8468347e-08
1.2009981	2.4815690e-06	7.8741745e-08
1.2028187	2.4250826e-06	7.8533274e-08
1.2046393	2.5846476e-06	7.8561780e-08
1.2064599	2.5015541e-06	7.8980207e-08
1.2082805	2.5020304e-06	7.8108515e-08
1.2101011	2.4812462e-06	7.8705333e-08
1.2119217	2.5396161e-06	7.8610209e-08
1.2137423	2.4660084e-06	7.8299078e-08
1.2155630	2.4456512e-06	7.8978430e-08
1.2173836	2.5974494e-06	7.8422190e-08
1.2192042	2.5001184e-06	7.8740342e-08
1.2210248	2.4405016e-06	7.8014533e-08
1.2228454	2.5137540e-06	7.8364510e-08
1.2246660	2.4885128e-06	7.8715294e-08
1.2264866	2.3970802e-06	7.8070005e-08
1.2283072	2.4116540e-06	7.8028731e-08
1.2301278	2.5274198e-06	7.8656160e-08
1.2319485	2.5716133e-06	7.8435344e-08
1.2337691	2.5406916e-06	7.8922027e-08
1.2355897	2.4261936e-06	7.8168955e-08
1.2374103	2.5643051e-06	7.8098782e-08
1.2392309	2.5371639e-06	7.8455814e-08
1.2410515	2.5397174e-06	7.8882398e-08
1.2428721	2.3678502e-06	7.7725091e-08
1.2446927	2.4955416e-06	7.8522531e-08
1.2465133	2.3581297e-06	7.7414297e-08
1.2483340	2.5051727e-06	7.8139466e-08
1.2501546	2.5137296e-06	7.9027715e-08
1.2519752	2.5084381e-06	7.7991571e-08
1.2537958	2.4404947e-06	7.8320352e-08
1.2556164	2.5054884e-06	7.8252992e-08
1.2574370	2.5629468e-06	7.8200036e-08
1.2592576	2.5081242e-06	7.8590639e-08
1.2610782	2.5221249e-06	7.8001128e-08
1.2628989	2.4527060e-06	7.8279656e-08
1.2647195	2.5625649e-06	7.8554934e-08
1.2665401	2.5168400e-06	7.8101710e-08
1.2683607	2.4211778e-06	7.7681222e-08
1.2701813	2.4235238e-06	7.8106508e-08
1.2720019	2.4762030e-06	7.7697804e-08
1.2738225	2.4239155e-06	7.7756947e-08
1.2756431	2.4482177e-06	7.7629508e-08
1.2774637	2.3984346e-06	7.7753946e-08
1.2792844	2.4571617e-06	7.7562454e-08
1.2811050	2.4065182e-06	7.7428189e-08
1.2829256	2.3595800e-06	7.7081900e-08
1.2847462	2.5886301e-06	7.7686102e-08
1.2865668	2.4824838e-06	7.7407143e-08
1.2883874	2.4353746e-06	7.6986525e-08
1.2902080	2.4642083e-06	7.7048618e-08
1.2920286	2.5259059e-06	7.7461597e-08
1.2938492	2.4172806e-06	7.7314847e-08
1.2956699	2.4300780e-06	7.7375849e-08
1.2974905	2.4861688e-06	7.7235656e-08
1.2993111	2.4352922e-06	7.6913261e-08
1.3011317	2.5090793e-06	7.7524789e-08
1.3029523	2.4515748e-06	7.7493076e-08
1.3047729	2.3612025e-06	7.6957047e-08
1.3065935	2.4813260e-06	7.7212670e-08
1.3084141	2.3476018e-06	7.6511837e-08
1.3102347	2.3771032e-06	7.6918962e-08
1.3120554	2.3909125e-06	7.6945596e-08
1.3138760	2.4231808e-06	7.7137345e-08
1.3156966	2.4489475e-06	7.6598901e-08
1.3175172	2.4219744e-06	7.7325392e-08
1.3193378	2.4186360e-06	7.7874663e-08
1.3211584	2.4426564e-06	7.8227038e-08
1.3229790	2.4142694e-06	7.8453165e-08
1.3247996	2.3817370e-06	7.8619009e-08
1.3266202	2.4250427e-06	7.8054731e-08
1.3284409	2.3875471e-06	7.8930070e-08
1.3302615	2.4261501e-06	7.9117800e-08
1.3320821	2.4685001e-06	7.9447062e-08
1.3339027	2.4181834e-06	7.9723262e-08
1.3357233	2.4807635e-06	7.8948385e-08
1.3375439	2.4197112e-06	8.0013993e-08
1.3393645	2.4786427e-06	8.0125996e-08
1.3411851	2.3810011e-06	7.9037918e-08
1.3430057	2.4032834e-06	8.0086860e-08
1.3448264	2.4047503e-06	7.9760014e-08
1.3466470	2.3460086e-06	8.0226960e-08
1.3484676	2.4157596e-06	7.9370219e-08
1.3502882	2.3823243e-06	7.8756819e-08
1.3521088	2.3551275e-06	7.8794655e-08
1.3539294	2.4460290e-06	7.8359396e-08
1.3557500	2.3319449e-06	7.8468549e-08
1.3575706	2.2962384e-06	7.7955159e-08
1.3593912	2.4402193e-06	7.8827127e-08
1.3612119	2.3852778e-06	7.7933019e-08
1.3630325	2.3994461e-06	7.7806619e-08
1.3648531	2.3754745e-06	7.7841095e-08
1.3666737	2.4899127e-06	7.8470069e-08
1.3684943	2.4444488e-06	7.7953713e-08
1.3703149	2.3948746e-06	7.7628176e-08
1.3721355	2.3210805e-06	7.6955583e-08
1.3739561	2.4483907e-06	7.7888849e-08
1.3757767	2.3601881e-06	7.7530769e-08
1.3775974	2.5262927e-06	7.7754815e-08
1.3794180	2.3327970e-06	7.6962335e-08
1.3812386	2.3837613e-06	7.6925277e-08
1.3830592	2.4001472e-06	7.7859083e-08
1.3848798	2.4116820e-06	7.8817804e-08
1.3867004	2.4174007e-06	7.8577872e-08
1.3885210	2.3150562e-06	7.8674201e-08
1.3903416	2.4406235e-06	7.9297858e-08
1.3921622	2.3778000e-06	7.9230095e-08
1.3939829	2.2824734e-06	7.9160663e-08
1.3958035	2.4242058e-06	7.9575672e-08
1.3976241	2.3551852e-06	7.8965007e-08
1.3994447	2.4303270e-06	7.9760406e-08
1.4012653	2.3604807e-06	7.9375783e-08
1.4030859	2.3019990e-06	7.9372130e-08
1.4049065	2.3842668e-06	7.9999096e-08
1.4067271	2.3060121e-06	7.9265603e-08
1.4085477	2.3976624e-06	8.0021854e-08
1.4103684	2.4239892e-06	8.0430834e-08
1.4121890	2.3264441e-06	8.0070572e-08
1.4140096	2.3758073e-06	8.0372205e-08
1.4158302	2.4197746e-06	8.0068788e-08
1.4176508	2.4373175e-06	8.0671721e-08
1.4194714	2.3175011e-06	8.0608621e-08
1.4212920	2.3422712e-06	8.0536669e-08
1.4231126	2.3541843e-06	8.0593305e-08
1.4249332	2.3295406e-06	8.0536219e-08
1.4267539	2.3594138e-06	8.1024463e-08
1.4285745	2.4526103e-06	8.1205559e-08
1.4303951	2.4109069e-06	8.0846669e-08
1.4322157	2.3038240e-06	8.0547020e-08
1.4340363	2.3716630e-06	8.1313710e-08
1.4358569	2.4005738e-06	8.1176707e-08
1.4376775	2.3757131e-06	8.1324989e-08
1.4394981	2.2927747e-06	8.0743618e-08
1.4413187	2.5067609e-06	8.1922662e-08
1.4431394	2.3204017e-06	8.0892684e-08
1.4449600	2.3623745e-06	8.0901529e-08
1.4467806	2.3882676e-06	8.1392012e-08
1.4486012	2.2934430e-06	8.1306546e-08
1.4504218	2.4618948e-06	8.2613076e-08
1.4522424	2.4442366e-06	8.3817089e-08
1.4540630	2.3351064e-06	8.3511073e-08
1.4558836	2.3498662e-06	8.4349456e-08
1.4577042	2.2965018e-06	8.4652803e-08
1.4595249	2.4643111e-06	8.4887527e-08
1.4613455	2.4670201e-06	8.6077075e-08
1.4631661	2.2931406e-06	8.4966954e-08
1.4649867	2.4390031e-06	8.5977133e-08
1.4668073	2.3282041e-06	8.6434289e-08
1.4686279	2.3159680e-06	8.5915659e-08
1.4704485	2.2576134e-06	8.6784486e-08
1.4722691	2.3351408e-06	8.6736556e-08
1.4740898	2.3509520e-06	8.6751209e-08
1.4759104	2.4609522e-06	8.7354501e-08
1.4777310	2.3541680e-06	8.7455289e-08
1.4795516	2.4003622e-06	8.7270817e-08
1.4813722	2.3570093e-06	8.7249558e-08
1.4831928	2.2928734e-06	8.7362693e-08
1.4850134	2.4278581e-06	8.7308255e-08
1.4868340	2.3989829e-06	8.7685621e-08
1.4886546	2.3652465e-06	8.6944363e-08
1.4904753	2.3207771e-06	8.6980165e-08
1.4922959	2.4321082e-06	8.7714025e-08
1.4941165	2.3803142e-06	8.6958270e-08
1.4959371	2.3658151e-06	8.7342787e-08
1.4977577	2.4422946e-06	8.7653133e-08
1.4995783	2.4292171e-06	8.7472261e-08
1.5013989	2.4098280e-06	8.7299004e-08
1.5032195	2.3517410e-06	8.6741065e-08
1.5050401	2.4607980e-06	8.7264184e-08
1.5068608	2.3904611e-06	8.6426443e-08
1.5086814	2.4336861e-06	8.7414355e-08
1.5105020	2.3644588e-06	8.7644181e-08
1.5123226	2.2674540e-06	8.6826586e-08
1.5141432	2.3485814e-06	8.7507445e-08
1.5159638	2.4479870e-06	8.7547730e-08
1.5177844	2.4351414e-06	8.7987863e-08
1.5196050	2.3319222e-06	8.7412807e-08
1.5214256	2.4055368e-06	8.8146465e-08
1.5232463	2.4752912e-06	8.8497799e-08
1.5250669	2.3438969e-06	8.7775551e-08
1.5268875	2.2652478e-06	8.7914934e-08
1.5287081	2.3118279e-06	8.7903800e-08
1.5305287	2.4215980e-06	8.8674220e-08
1.5323493	2.4483632e-06	8.8856229e-08
1.5341699	2.3597420e-06	8.8461400e-08
1.5359905	2.3953816e-06	8.9485662e-08
1.5378111	2.3502669e-06	8.9141772e-08
1.5396318	2.2755250e-06	8.8484178e-08
1.5414524	2.3886580e-06	8.8988413e-08
1.5432730	2.4212408e-06	8.9564616e-08
1.5450936	2.3816641e-06	8.9521373e-08
1.5469142	2.4372904e-06	8.9600906e-08
1.5487348	2.4445924e-06	9.0086511e-08
1.5505554	2.4881604e-06	9.0438409e-08
1.5523760	2.3888988e-06	8.9891377e-08
1.5541966	2.3613783e-06	8.9572156e-08
1.5560173	2.4941500e-06	9.0686932e-08
1.5578379	2.4760863e-06	9.0920523e-08
1.5596585	2.4640387e-06	9.0523708e-08
1.5614791	2.4270695e-06	9.0561066e-08
1.5632997	2.3186717e-06	9.0263312e-08
1.5651203	2.3461310e-06	9.0459086e-08
1.5669409	2.3399774e-06	9.0379764e-08
1.5687615	2.4335896e-06	9.1291740e-08
1.5705821	2.5077982e-06	9.1980096e-08
1.5724028	2.4325314e-06	9.1350673e-08
1.5742234	2.3073080e-06	9.1161238e-08
1.5760440	2.3117456e-06	9.0591266e-08
1.5778646	2.4207923e-06	9.2085970e-08
1.5796852	2.3620301e-06	9.1552504e-08
1.5815058	2.3942341e-06	9.1663042e-08
1.5833264	2.3217937e-06	9.1352056e-08
1.5851470	2.3478575e-06	9.1477521e-08
1.5869676	2.3155563e-06	9.1493419e-08
1.5887883	2.2920865e-06	9.1657181e-08
1.5906089	2.3647491e-06	9.1802110e-08
1.5924295	2.4435994e-06	9.2711632e-08
1.5942501	2.3820033e-06	9.1717316e-08
1.5960707	2.3230206e-06	9.2715356e-08
1.5978913	2.3608920e-06	9.2497222e-08
1.5997119	2.2733928e-06	9.2528239e-08
1.6015325	2.3728419e-06	9.3105857e-08
1.6033531	2.4354481e-06	9.3121183e-08
1.6051738	2.2641139e-06	9.3270351e-08
1.6069944	2.4268980e-06	9.3479099e-08
1.6088150	2.3647109e-06	9.3317768e-08
1.6106356	2.4524793e-06	9.3978135e-08
1.6124562	2.4186548e-06	9.3734426e-08
1.6142768	2.4218158e-06	9.4355846e-08
1.6160974	2.3899782e-06	9.3958810e-08
1.6179180	2.4926158e-06	9.4791322e-08
1.6197386	2.3566294e-06	9.4015700e-08
1.6215593	2.3010376e-06	9.3954614e-08
1.6233799	2.2355154e-06	9.4374866e-08
1.6252005	2.3599870e-06	9.5992735e-08
1.6270211	2.3775282e-06	9.7140835e-08
1.6288417	2.3977099e-06	9.8009699e-08
1.6306623	2.3145997e-06	9.8163576e-08
1.6324829	2.2962073e-06	9.7986763e-08
1.6343035	2.4032063e-06	9.9021453e-08
1.6361241	2.3746428e-06	9.9588521e-08
1.6379448	2.5931443e-06	1.0145425e-07
1.6397654	2.2790602e-06	1.0012561e-07
1.6415860	2.3983358e-06	1.0056372e-07
1.6434066	2.3998385e-06	1.0228236e-07
1.6452272	2.4636931e-06	1.0324108e-07
1.6470478	2.2357657e-06	1.0187097e-07
1.6488684	2.3325343e-06	1.0333771e-07
1.6506890	2.2447022e-06	1.0313105e-07
1.6525096	2.2163061e-06	1.0344636e-07
1.6543303	2.2861817e-06	1.0433025e-07
1.6561509	2.4785831e-06	1.0565717e-07
1.6579715	2.3304891e-06	1.0569601e-07
1.6597921	2.3419625e-06	1.0613516e-07
1.6616127	2.4116863e-06	1.0690670e-07
1.6634333	2.4832816e-06	1.0750797e-07
1.6652539	2.1994748e-06	1.0671659e-07
1.6670745	2.2340483e-06	1.0745148e-07
1.6688951	2.3762973e-06	1.0691484e-07
1.6707158	2.3674861e-06	1.0866849e-07
1.6725364	2.4425261e-06	1.0825675e-07
1.6743570	2.4074700e-06	1.0807065e-07
1.6761776	2.3448685e-06	1.0826132e-07
1.6779982	2.2915606e-06	1.0797648e-07
1.6798188	2.2061677e-06	1.0783423e-07
1.6816394	2.2826496e-06	1.0748042e-07
1.6834600	2.1556386e-06	1.0767481e-07
1.6852807	2.3073236e-06	1.0821296e-07
1.6871013	2.3830057e-06	1.0865572e-07
1.6889219	2.4521878e-06	1.0953301e-07
1.6907425	2.4109453e-06	1.0902606e-07
1.6925631	2.3893109e-06	1.0934250e-07
1.6943837	2.3853685e-06	1.0927128e-07
1.6962043	2.2740943e-06	1.0958184e-07
1.6980249	2.2630726e-06	1.0911237e-07
1.6998455	2.2266919e-06	1.0869488e-07
1.7016662	2.3940483e-06	1.1025349e-07
1.7034868	2.2641995e-06	1.1107110e-07
1.7053074	2.3160857e-06	1.1271570e-07
1.7071280	2.4325219e-06	1.1353391e-07
1.7089486	2.3577351e-06	1.1483743e-07
1.7107692	2.3450224e-06	1.1665796e-07
1.7125898	2.3875540e-06	1.1677743e-07
1.7144104	2.3759598e-06	1.1716153e-07
1.7162310	2.2839308e-06	1.1703740e-07
1.7180517	2.2843588e-06	1.1882144e-07
1.7198723	2.4450376e-06	1.2098441e-07
1.7216929	2.3561809e-06	1.2215521e-07
1.7235135	2.3337961e-06	1.2218426e-07
1.7253341	2.4638408e-06	1.2449246e-07
1.7271547	2.3562834e-06	1.2824927e-07
1.7289753	2.3235727e-06	1.2920116e-07
1.7307959	2.2231602e-06	1.3369237e-07
1.7326165	2.2663726e-06	1.3534556e-07
1.7344372	2.2965718e-06	1.3894516e-07
1.7362578	2.4643030e-06	1.4648698e-07
1.7380784	2.4002010e-06	1.4841264e-07
1.7398990	2.3527166e-06	1.5732908e-07
1.7417196	2.1999797e-06	1.5886277e-07
1.7435402	2.3821332e-06	1.7371993e-07
1.7453608	2.5326579e-06	1.8504284e-07
1.7471814	2.3155920e-06	1.9901706e-07
1.7490020	2.3833270e-06	2.1317135e-07
1.7508227	2.3410481e-06	2.3705974e-07
1.7526433	1.9807130e-06	2.5162150e-07
1.7544639	2.1857390e-06	2.8766894e-07
1.7562845	2.2264055e-06	3.3901155e-07
1.7581051	2.3807793e-06	1.1530664e-06
